##FastQC	0.10.1
>>Basic Statistics	pass
#Measure	Value	
Filename	SRR13389815.fastq	
File type	Conventional base calls	
Encoding	Sanger / Illumina 1.9	
Total Sequences	31465941	
Filtered Sequences	0	
Sequence length	36-70	
%GC	50	
>>END_MODULE
>>Per base sequence quality	pass
#Base	Mean	Median	Lower Quartile	Upper Quartile	10th Percentile	90th Percentile
1	35.834023460477475	36.0	36.0	36.0	36.0	36.0
2	35.47866885659005	36.0	36.0	36.0	36.0	36.0
3	35.51563968800424	36.0	36.0	36.0	36.0	36.0
4	35.56352606775688	36.0	36.0	36.0	36.0	36.0
5	35.5262604096283	36.0	36.0	36.0	36.0	36.0
6	35.65023858654028	36.0	36.0	36.0	36.0	36.0
7	35.6534926446344	36.0	36.0	36.0	36.0	36.0
8	35.628091116041944	36.0	36.0	36.0	36.0	36.0
9	35.617043456605984	36.0	36.0	36.0	36.0	36.0
10	35.62107340123723	36.0	36.0	36.0	36.0	36.0
11	35.61975235382282	36.0	36.0	36.0	36.0	36.0
12	35.62600161870258	36.0	36.0	36.0	36.0	36.0
13	35.6168860483149	36.0	36.0	36.0	36.0	36.0
14	35.6169895570579	36.0	36.0	36.0	36.0	36.0
15	35.61344229304949	36.0	36.0	36.0	36.0	36.0
16	35.620165912088886	36.0	36.0	36.0	36.0	36.0
17	35.59827379705568	36.0	36.0	36.0	36.0	36.0
18	35.59061580265469	36.0	36.0	36.0	36.0	36.0
19	35.58238159793155	36.0	36.0	36.0	36.0	36.0
20	35.57071835226539	36.0	36.0	36.0	36.0	36.0
21	35.562247224705594	36.0	36.0	36.0	36.0	36.0
22	35.553386374175176	36.0	36.0	36.0	36.0	36.0
23	35.536229664957425	36.0	36.0	36.0	36.0	36.0
24	35.546886902254094	36.0	36.0	36.0	36.0	36.0
25	35.5268023606858	36.0	36.0	36.0	36.0	36.0
26	35.51456198306607	36.0	36.0	36.0	36.0	36.0
27	35.502082013056594	36.0	36.0	36.0	36.0	36.0
28	35.5004818384424	36.0	36.0	36.0	36.0	36.0
29	35.48890106289845	36.0	36.0	36.0	36.0	36.0
30	35.48309745448261	36.0	36.0	36.0	36.0	36.0
31	35.482218663029975	36.0	36.0	36.0	36.0	36.0
32	35.46467664831635	36.0	36.0	36.0	36.0	36.0
33	35.434317473613774	36.0	36.0	36.0	36.0	36.0
34	35.40403304639769	36.0	36.0	36.0	36.0	36.0
35	35.3710170943243	36.0	36.0	36.0	36.0	36.0
36	35.36299925052297	36.0	36.0	36.0	36.0	36.0
37	35.36342800923557	36.0	36.0	36.0	36.0	36.0
38	35.344441550781255	36.0	36.0	36.0	36.0	36.0
39	35.333485424387284	36.0	36.0	36.0	36.0	36.0
40	35.328346673570344	36.0	36.0	36.0	36.0	36.0
41	35.33093047895455	36.0	36.0	36.0	36.0	36.0
42	35.32841659788451	36.0	36.0	36.0	36.0	36.0
43	35.316108622113084	36.0	36.0	36.0	36.0	36.0
44	35.282754233680954	36.0	36.0	36.0	36.0	36.0
45	35.289457619422	36.0	36.0	36.0	36.0	36.0
46	35.280985991492955	36.0	36.0	36.0	36.0	36.0
47	35.247751230113906	36.0	36.0	36.0	36.0	36.0
48	35.2321030944101	36.0	36.0	36.0	36.0	36.0
49	35.21127217708295	36.0	36.0	36.0	36.0	36.0
50	35.171108841408746	36.0	36.0	36.0	32.0	36.0
51	35.145135347899	36.0	36.0	36.0	32.0	36.0
52	35.1350138610309	36.0	36.0	36.0	32.0	36.0
53	35.14953055012009	36.0	36.0	36.0	32.0	36.0
54	35.1114074837645	36.0	36.0	36.0	32.0	36.0
55	35.11644278276813	36.0	36.0	36.0	32.0	36.0
56	35.12746936276585	36.0	36.0	36.0	32.0	36.0
57	35.08560752788711	36.0	36.0	36.0	32.0	36.0
58	35.0767048826029	36.0	36.0	36.0	32.0	36.0
59	35.098084983534	36.0	36.0	36.0	32.0	36.0
60	35.100263399268236	36.0	36.0	36.0	32.0	36.0
61	35.063057683312	36.0	36.0	36.0	32.0	36.0
62	35.082625805684806	36.0	36.0	36.0	32.0	36.0
63	35.07942548347923	36.0	36.0	36.0	32.0	36.0
64	35.073995813317886	36.0	36.0	36.0	32.0	36.0
65	35.06022748778331	36.0	36.0	36.0	32.0	36.0
66	35.057648864956846	36.0	36.0	36.0	32.0	36.0
67	35.071279859918725	36.0	36.0	36.0	32.0	36.0
68	35.108575460905335	36.0	36.0	36.0	32.0	36.0
69	35.29646749965251	36.0	36.0	36.0	32.0	36.0
70	35.25700838661571	36.0	36.0	36.0	32.0	36.0
>>END_MODULE
>>Per sequence quality scores	pass
#Quality	Count
31	297.0
32	51338.0
33	1052487.0
34	6388406.0
35	2.1530132E7
36	2443281.0
>>END_MODULE
>>Per base sequence content	fail
#Base	G	A	T	C
1	27.447645694117334	28.40473132521287	23.7378917096425	20.409731271027297
2	21.525934978394577	22.59097542959227	38.6326441023963	17.250445489616855
3	23.883948044013685	22.237234220962915	30.227314670169886	23.651503064853518
4	23.400374392108596	21.062611793494433	32.89135703902832	22.645656775368643
5	24.743089679091433	31.90669873816899	25.096195279842416	18.254016302897156
6	29.557310871459396	24.071719323442448	22.130693628390137	24.24027617670802
7	27.4852944957403	21.971882040450154	26.72832360095785	23.8144998628517
8	26.81047530256211	23.07854436619969	27.06687320536087	23.044107125877332
9	26.134406722494013	23.95775165281089	26.94133952644226	22.96650209825284
10	26.96384004533664	23.24745349265099	26.336170909365148	23.452535552647223
11	27.298586980080685	23.561701954557847	25.961493602288698	23.17821746307277
12	27.23724935864753	23.766555487146462	26.13620758733725	22.85998756686876
13	27.06776193345052	23.817450747778366	25.841607597242998	23.273179721528113
14	27.487555587900946	23.666181168012514	25.590773894176973	23.25548934990957
15	27.009087508877457	24.024768496500297	25.956943474656835	23.009200519965415
16	27.08227392012153	23.6378018443761	25.884705439296635	23.395218796205736
17	26.975346599998478	24.015833275678293	25.627273831787907	23.381546292535315
18	27.033105413882268	23.860103214456547	26.005324296514758	23.101467075146427
19	26.713544018912383	23.91688524427094	25.886166887556293	23.48340384926038
20	27.06937578024847	23.903987861413825	25.26241550466412	23.76422085367358
21	26.81052506899444	24.16277333005868	25.66172738962423	23.364974211322647
22	26.96968445977827	23.707220451471642	25.662741184190235	23.660353904559855
23	27.240672678271373	23.734040629800134	25.461242686094753	23.56404400583374
24	27.31562215485906	23.618019465372196	25.587028610756374	23.479329769012374
25	27.249482511834938	23.54053845591822	25.551967513314477	23.658011518932362
26	27.30780358798162	23.5613013386921	25.137507430257276	23.993387643069
27	26.883516432947225	23.676660840683187	25.84543181495466	23.594390911414923
28	27.080387091627816	23.058177041298787	25.72232797150315	24.13910789557024
29	27.356389162376843	23.66996822596115	24.981198718360233	23.992443893301775
30	27.089365585828762	23.678371210865645	25.62637356909904	23.60588963420655
31	27.033365670950687	23.581937850629192	25.41723376143864	23.967462716981483
32	27.53806087044291	23.278972495696294	25.190123203802262	23.992843430058535
33	27.17944936891196	23.58942912636046	25.379389335660086	23.851732169067493
34	27.329937671120142	23.227420880764278	25.373180196639332	24.06946125147624
35	27.36868914564227	23.449367706113406	25.080542730916438	24.101400417327884
36	27.267886820129412	23.368361118033953	25.363906896225807	23.999845165610825
37	27.002940569541888	23.304848899453027	25.63903078336332	24.05317974764176
38	27.38486426173184	23.228983156585027	25.17346754606124	24.212685035621888
39	27.04749929549389	23.648250811967646	25.55368985887801	23.75056003366046
40	26.91865169582795	23.20533629205398	25.706266206050632	24.16974580606744
41	27.265792577749533	23.350488881924754	25.245160538398302	24.13855800192741
42	26.93700541242478	23.553396593000087	25.564410508413015	23.94518748616212
43	27.002093169460267	23.208683723344027	25.658263943544092	24.130959163651614
44	27.22619836306665	23.20259125425779	25.301180008864932	24.270030373810627
45	27.015305275243506	23.562980238423954	25.72269338142749	23.69902110490505
46	26.994273275250368	23.339169616378726	25.422162926496622	24.24439418187428
47	27.238637049660102	23.32277727713845	25.362399308123024	24.07618636507842
48	27.262907135999185	23.431281326478583	25.551196416423316	23.754615121098922
49	26.94106274839617	23.44085947967604	25.527117784933072	24.090959986994708
50	27.34593770811876	23.44149877643484	24.977120340574498	24.2354431748719
51	26.938244154648537	23.477510945529648	25.642322213887404	23.941922685934408
52	27.008191963693505	23.159275574127868	25.48651355971258	24.346018902466042
53	27.081735936142376	23.257374986482812	25.351305629861354	24.309583447513457
54	26.83045542498432	23.470814224997447	25.68445392756654	24.01427642245169
55	26.875233253192714	23.18785496371747	25.579126590419982	24.35778519266983
56	27.081529551112144	23.450064208050208	25.15898474364296	24.309421497194688
57	26.684753770588287	23.603603830906046	25.670358653683362	24.041283744822305
58	26.627444426123283	23.13296339544207	25.878093986060215	24.361498192374434
59	27.057347289213883	23.173907517214616	25.26896598696758	24.49977920660393
60	26.949808412380076	23.453421174422186	25.50305248530237	24.09371792789537
61	26.889446069899307	23.060427148956933	25.666950910336546	24.383175870807218
62	27.257338166267438	23.255756932950174	25.26030247756623	24.226602423216157
63	27.156568177699754	23.309101694709796	25.617231906658084	23.917098220932367
64	27.054802514252486	23.10605490950972	25.529678474705207	24.309464101532587
65	27.300034113984623	23.32088937740754	25.248996939061712	24.130079569546126
66	27.049967672967167	23.443318606751134	25.410156206391598	24.096557513890097
67	26.9750662194184	23.48285213417286	25.561532981053176	23.98054866535556
68	27.838139728917877	24.177090124577663	25.43703284216367	22.547737304340785
69	29.885294229379376	25.85231792262226	25.721132388829187	18.54125545916918
70	38.536228400218334	32.15577917699813	29.307992422783535	0.0
>>END_MODULE
>>Per base GC content	fail
#Base	%GC
1	47.85737696514463
2	38.77638046801143
3	47.53545110886721
4	46.04603116747724
5	42.99710598198859
6	53.797587048167415
7	51.299794358591996
8	49.85458242843944
9	49.10090882074685
10	50.416375597983865
11	50.476804443153455
12	50.097236925516285
13	50.340941654978636
14	50.74304493781051
15	50.018288028842875
16	50.47749271632726
17	50.3568928925338
18	50.13457248902869
19	50.19694786817277
20	50.83359663392205
21	50.17549928031709
22	50.63003836433813
23	50.80471668410511
24	50.79495192387144
25	50.907494030767296
26	51.30119123105062
27	50.47790734436215
28	51.219494987198054
29	51.34883305567861
30	50.69525522003531
31	51.000828387932174
32	51.53090430050145
33	51.03118153797945
34	51.39939892259638
35	51.47008956297016
36	51.26773198574024
37	51.05612031718365
38	51.59754929735373
39	50.79805932915434
40	51.088397501895386
41	51.40435057967694
42	50.8821928985869
43	51.133052333111884
44	51.49622873687728
45	50.714326380148556
46	51.238667457124656
47	51.314823414738534
48	51.0175222570981
49	51.03202273539088
50	51.58138088299066
51	50.88016684058295
52	51.354210866159555
53	51.39131938365583
54	50.84473184743601
55	51.23301844586254
56	51.39095104830683
57	50.726037515410596
58	50.98894261849771
59	51.557126495817805
60	51.04352634027545
61	51.27262194070652
62	51.4839405894836
63	51.07366639863212
64	51.36426661578507
65	51.430113683530756
66	51.146525186857275
67	50.95561488477396
68	50.385877033258666
69	48.42654968854856
70	38.536228400218334
>>END_MODULE
>>Per sequence GC content	warn
#GC Content	Count
0	2115.0
1	1819.0
2	1531.0
3	1584.5
4	1868.5
5	2196.0
6	2425.5
7	2726.5
8	3219.0
9	3944.5
10	4539.5
11	5095.0
12	6183.0
13	7580.0
14	9807.5
15	13123.0
16	16584.0
17	19984.0
18	25480.0
19	33332.5
20	40499.5
21	52049.5
22	71693.0
23	86700.0
24	106050.0
25	135873.5
26	166063.0
27	192597.5
28	229546.0
29	282497.0
30	327375.5
31	394871.0
32	487448.0
33	558840.0
34	654043.5
35	765781.5
36	898448.5
37	1019171.0
38	1108447.0
39	1244133.0
40	1367847.5
41	1448287.5
42	1509385.0
43	1550366.5
44	1593391.5
45	1605860.5
46	1594595.0
47	1595325.0
48	1558346.5
49	1508841.5
50	1489556.5
51	1466625.0
52	1437758.0
53	1428536.0
54	1421127.0
55	1393154.5
56	1341112.5
57	1299338.5
58	1267678.0
59	1219443.5
60	1174915.0
61	1121493.5
62	1034968.0
63	948345.5
64	857428.0
65	756267.0
66	658773.5
67	579691.0
68	516549.5
69	440719.5
70	377260.0
71	330242.5
72	279357.5
73	234272.0
74	197046.5
75	160010.5
76	127369.5
77	106065.0
78	88262.5
79	67938.5
80	53811.5
81	44223.0
82	35022.5
83	26771.0
84	21690.5
85	16856.0
86	11974.0
87	9208.0
88	7017.0
89	4686.5
90	3327.5
91	2272.5
92	1487.5
93	1023.0
94	624.5
95	409.5
96	308.0
97	277.5
98	397.0
99	249748.5
100	499002.0
>>END_MODULE
>>Per base N content	pass
#Base	N-Count
1	0.0
2	0.0
3	0.0
4	0.0
5	0.0
6	0.0
7	6.356078783723646E-6
8	1.5890196959309114E-5
9	0.0
10	0.0
11	3.178039391861823E-6
12	4.449255148606552E-5
13	0.0
14	3.495843331048005E-5
15	6.356078783723646E-6
16	5.084863026978917E-5
17	1.8432628472798575E-4
18	0.0
19	0.0
20	9.534118175585468E-6
21	0.0
22	0.0
23	6.99168666209601E-5
24	4.1314512094203696E-5
25	1.2712157567447293E-5
26	1.5890196959309114E-5
27	2.8602354526756407E-5
28	1.9068236351170936E-5
29	3.178039391861823E-6
30	4.449255148606552E-5
31	2.224627574303276E-5
32	9.216314236399287E-5
33	1.4618981202564385E-4
34	3.4958433310480053E-4
35	1.112313787151638E-4
36	2.0021648168729484E-4
37	4.480426966768225E-5
38	3.8682463682243677E-5
39	1.2986286092297951E-5
40	1.9620159596264205E-5
41	1.0867726724490877E-4
42	3.2837646298348127E-4
43	6.0135071388347754E-5
44	1.9179384785902547E-4
45	6.77763921270943E-5
46	4.095635547413432E-5
47	3.266024914544458E-4
48	4.848359588701189E-5
49	3.314816651210316E-4
50	2.1095340390896656E-5
51	3.7201836580268296E-4
52	1.0712322298641548E-5
53	3.598585554356347E-6
54	3.2639272501079275E-5
55	8.404690372668356E-5
56	2.540553493084319E-4
57	3.302225625864515E-4
58	2.991209060910663E-5
59	4.859616051907028E-4
60	9.86869511368642E-5
61	5.73817137178867E-5
62	8.866865137949724E-5
63	1.8649450322992937E-4
64	1.2140759337134906E-4
65	4.028261651865306E-4
66	1.1562442873059728E-4
67	4.045785343576183E-5
68	1.6794393628341412E-4
69	4.66122540073254E-6
70	0.0
>>END_MODULE
>>Sequence Length Distribution	warn
#Length	Count
36	218919.0
37	225213.0
38	220085.0
39	220933.0
40	215655.0
41	216812.0
42	215708.0
43	213206.0
44	210610.0
45	209318.0
46	212135.0
47	211601.0
48	216544.0
49	216902.0
50	217887.0
51	219281.0
52	216436.0
53	214552.0
54	208472.0
55	206236.0
56	207916.0
57	206482.0
58	199731.0
59	199372.0
60	205203.0
61	201463.0
62	201245.0
63	204201.0
64	212727.0
65	239891.0
66	364125.0
67	899608.0
68	2363886.0
69	7900324.0
70	1.3553262E7
>>END_MODULE
>>Sequence Duplication Levels	fail
#Total Duplicate Percentage	58.5723710371254
#Duplication Level	Relative count
1	100.0
2	25.66507782419476
3	14.274495260741048
4	9.617041698934349
5	7.14760964649164
6	5.363161396581625
7	4.470937271626618
8	3.816494148187738
9	3.195863919459866
10++	44.597026646742506
>>END_MODULE
>>Overrepresented sequences	warn
#Sequence	Count	Percentage	Possible Source
GGGGGGGGGGGGGGGGGGGGGGGGGGGGGGGGGGGGGGGGGGGGGGGGGGGGGGGGGGGGGGGGGGGGGG	250882	0.797312878709078	No Hit
>>END_MODULE
>>Kmer Content	fail
#Sequence	Count	Obs/Exp Overall	Obs/Exp Max	Max Obs/Exp Position
GGGGG	31823395	11.4498825	14.92275	66
CTTCT	5749765	3.122719	4.610801	1
CTCCA	4621695	3.0491683	4.2168016	1
TCTTC	5548935	3.0136478	6.3163724	2
TTCTT	5925735	2.8988228	5.8044224	1
CTTCA	4324675	2.5699828	5.2460694	1
>>END_MODULE
