##FastQC	0.10.1
>>Basic Statistics	pass
#Measure	Value	
Filename	SRR13389849.fastq	
File type	Conventional base calls	
Encoding	Sanger / Illumina 1.9	
Total Sequences	41345391	
Filtered Sequences	0	
Sequence length	35-75	
%GC	48	
>>END_MODULE
>>Per base sequence quality	pass
#Base	Mean	Median	Lower Quartile	Upper Quartile	10th Percentile	90th Percentile
1	30.563216828690773	32.0	32.0	32.0	32.0	32.0
2	31.168189678022394	32.0	32.0	32.0	32.0	32.0
3	31.295647077082908	32.0	32.0	32.0	32.0	32.0
4	31.350243900220946	32.0	32.0	32.0	32.0	32.0
5	31.3815253796971	32.0	32.0	32.0	32.0	32.0
6	34.68537073455177	36.0	36.0	36.0	32.0	36.0
7	34.597871912736295	36.0	36.0	36.0	32.0	36.0
8	34.60186348219563	36.0	36.0	36.0	32.0	36.0
9	34.62330676713155	36.0	36.0	36.0	32.0	36.0
10	34.53719564533807	36.0	36.0	36.0	32.0	36.0
11	34.69116673730332	36.0	36.0	36.0	32.0	36.0
12	34.65725333205822	36.0	36.0	36.0	32.0	36.0
13	34.60194576464399	36.0	36.0	36.0	32.0	36.0
14	34.607303870944165	36.0	36.0	36.0	32.0	36.0
15	34.597045145854345	36.0	36.0	36.0	32.0	36.0
16	34.61335010714979	36.0	36.0	36.0	32.0	36.0
17	34.613906807653606	36.0	36.0	36.0	32.0	36.0
18	34.595546889373956	36.0	36.0	36.0	32.0	36.0
19	34.58796256153437	36.0	36.0	36.0	32.0	36.0
20	34.57441108732047	36.0	36.0	36.0	32.0	36.0
21	34.57304554212585	36.0	36.0	36.0	32.0	36.0
22	34.507946000559045	36.0	36.0	36.0	32.0	36.0
23	34.47351868071583	36.0	36.0	36.0	32.0	36.0
24	34.46987263949203	36.0	36.0	36.0	32.0	36.0
25	34.44270692711553	36.0	36.0	36.0	32.0	36.0
26	34.3579392198758	36.0	36.0	36.0	32.0	36.0
27	34.32564645476445	36.0	36.0	36.0	32.0	36.0
28	34.291393084177145	36.0	36.0	36.0	32.0	36.0
29	34.287681497557976	36.0	36.0	36.0	32.0	36.0
30	34.24661048676502	36.0	36.0	36.0	32.0	36.0
31	34.206541570740015	36.0	36.0	36.0	32.0	36.0
32	34.14357290755819	36.0	36.0	36.0	32.0	36.0
33	34.144584604363764	36.0	36.0	36.0	32.0	36.0
34	34.11027004194978	36.0	36.0	36.0	32.0	36.0
35	34.08590176351216	36.0	36.0	36.0	32.0	36.0
36	34.063208495305666	36.0	36.0	36.0	32.0	36.0
37	34.04608970115007	36.0	36.0	36.0	32.0	36.0
38	34.01291425129472	36.0	36.0	36.0	32.0	36.0
39	33.97673528594542	36.0	36.0	36.0	32.0	36.0
40	33.96415661058804	36.0	36.0	36.0	32.0	36.0
41	33.69633806260255	36.0	36.0	36.0	27.0	36.0
42	33.70835556081856	36.0	36.0	36.0	27.0	36.0
43	33.66318384441436	36.0	36.0	36.0	27.0	36.0
44	33.495089452850245	36.0	36.0	36.0	27.0	36.0
45	33.484627374478606	36.0	36.0	36.0	27.0	36.0
46	33.47136012709392	36.0	36.0	36.0	21.0	36.0
47	33.61089321920795	36.0	36.0	36.0	27.0	36.0
48	33.39072084329681	36.0	36.0	36.0	21.0	36.0
49	33.29591099782736	36.0	36.0	36.0	21.0	36.0
50	33.37897347905175	36.0	36.0	36.0	21.0	36.0
51	33.278878615823004	36.0	36.0	36.0	21.0	36.0
52	33.23160797772892	36.0	36.0	36.0	21.0	36.0
53	33.21706541099774	36.0	36.0	36.0	21.0	36.0
54	33.188842202401986	36.0	36.0	36.0	21.0	36.0
55	33.074149833975255	36.0	36.0	36.0	21.0	36.0
56	33.018988380729084	36.0	36.0	36.0	21.0	36.0
57	32.95807340654884	36.0	36.0	36.0	14.0	36.0
58	32.9890601835509	36.0	36.0	36.0	21.0	36.0
59	32.88298212962696	36.0	32.0	36.0	14.0	36.0
60	32.8482381119132	36.0	32.0	36.0	14.0	36.0
61	32.922972067337454	36.0	32.0	36.0	21.0	36.0
62	32.84978762544884	36.0	32.0	36.0	14.0	36.0
63	32.76536027267055	36.0	32.0	36.0	14.0	36.0
64	32.77352262564008	36.0	32.0	36.0	14.0	36.0
65	32.75796871290255	36.0	32.0	36.0	14.0	36.0
66	32.64748057229342	36.0	32.0	36.0	14.0	36.0
67	32.68628302430998	36.0	32.0	36.0	14.0	36.0
68	32.74371914690031	36.0	32.0	36.0	14.0	36.0
69	32.78077527049517	36.0	32.0	36.0	14.0	36.0
70	32.78529591998246	36.0	32.0	36.0	14.0	36.0
71	32.766105834730354	36.0	32.0	36.0	14.0	36.0
72	32.66129575322661	36.0	32.0	36.0	14.0	36.0
73	32.53767493604659	36.0	32.0	36.0	14.0	36.0
74	32.38963360253652	36.0	32.0	36.0	14.0	36.0
75	30.117051231350644	36.0	27.0	36.0	14.0	36.0
>>END_MODULE
>>Per sequence quality scores	pass
#Quality	Count
2	99.0
3	0.0
4	0.0
5	0.0
6	0.0
7	0.0
8	0.0
9	0.0
10	0.0
11	0.0
12	1.0
13	11.0
14	14.0
15	132.0
16	1520.0
17	6898.0
18	15894.0
19	23753.0
20	31026.0
21	46769.0
22	79475.0
23	139694.0
24	230627.0
25	371954.0
26	610572.0
27	867394.0
28	997919.0
29	1246965.0
30	1643458.0
31	2183437.0
32	2988294.0
33	4476141.0
34	8512393.0
35	1.6870951E7
>>END_MODULE
>>Per base sequence content	fail
#Base	G	A	T	C
1	63.03145974025271	10.728043854528774	6.723630118273786	19.51686628694474
2	23.640434131533404	12.803749988420602	38.050577408658135	25.50523847138786
3	20.671838381438288	19.52085458532115	31.3601435060633	28.44716352717726
4	24.759768672838938	26.522181397704834	25.317586035814077	23.400463893642158
5	26.756322183252312	30.18274391109604	25.15598753812103	17.90494636753062
6	24.643211692779147	29.45544915458696	25.98598748221528	19.915351670418616
7	18.687648886359298	23.429023067487346	41.484261376119925	16.399066670033434
8	19.660995501011335	22.05253986354722	34.060838172336524	24.225626463104916
9	22.378620521049893	18.998598437761668	34.688164737112025	23.93461630407641
10	23.455217101864946	31.791278678114065	26.852002883423825	17.901501336597164
11	30.430301471809656	23.414421646846755	21.67622374029914	24.479053141044453
12	25.855257114438636	21.235064137662512	27.013260955553676	25.89641779234518
13	24.678203912117468	25.021749760952165	28.37371141887483	21.92633490805553
14	23.96185209879655	23.642538815002602	28.35882946664129	24.03677961955956
15	24.742878714505558	24.762518202201296	27.63716839801328	22.85743468527987
16	25.31053476707988	23.29542010710289	27.236103556172903	24.15794156964433
17	26.622194669963328	23.751314811859128	27.187381463160875	22.439109055016672
18	24.788142623721775	23.76920135092606	28.641004334522634	22.801651690829527
19	25.41788418871944	23.990232782984705	26.573586560022243	24.018296468273608
20	24.805269149033535	24.121060323414973	28.714451316223048	22.359219211328444
21	26.523464569123067	23.9322576612245	26.861087383409526	22.683190386242906
22	25.134369279237912	25.81660870562972	26.64976112235632	22.39926089277605
23	24.792211504058493	25.550600241328596	27.170443876710788	22.48674437790213
24	24.70478183360936	23.725918175818585	26.96064784906277	24.60865214150929
25	25.092970763078597	23.779821317347754	28.376771932431623	22.75043598714203
26	24.56050160306388	24.033115136310133	27.184733551428774	24.221649709197212
27	24.577385531706085	23.691242582460745	27.20690416465757	24.5244677211756
28	24.867441089752685	25.471917847216112	27.03658293597385	22.624058127057353
29	26.311698592654054	23.857697374364324	27.27245682019125	22.558147212790374
30	24.59482017253321	23.762552106849967	28.79986848181244	22.842759238804387
31	25.021004402888547	23.91665545811052	26.623799310884827	24.438540828116103
32	24.50643081116101	25.621449649535656	27.09775642738873	22.77436311191461
33	24.60080939702188	23.52367084669455	26.947670387728422	24.927849368555147
34	25.251501153499937	23.839907370748882	26.393152029678816	24.515439446072357
35	26.466202461130393	23.845410307398467	26.87671012611373	22.81167710535741
36	26.469938891640272	23.805219485752495	26.593274491112766	23.131567131494474
37	25.2560737200329	23.83800104473042	26.315209878369473	24.590715356867204
38	26.509187354729374	24.085139861666335	26.603876369799874	22.80179641380442
39	24.954854417787367	23.769990439133046	28.23423492759401	23.040920215485578
40	26.851749997944108	24.023623871739538	26.271287533904047	22.8533385964123
41	24.864822204328725	25.52721789239679	26.648546293432158	22.959413609842326
42	24.780603734097404	25.561487454874644	26.550397215380578	23.107511595647377
43	25.33198793241259	23.95586085902312	27.77177957634867	22.94037163221562
44	25.311126684681756	24.05650747158512	26.662925784814234	23.969440058918888
45	26.114039371973124	23.72236444489464	26.9545781474624	23.209018035669835
46	26.5061925885335	23.920139695621785	26.170065236342243	23.403602479502474
47	26.4889372075591	24.06362494306011	26.44980218066272	22.99763566871808
48	26.140013331442546	23.738921796908567	26.893247817120802	23.227817054528085
49	25.90822313154365	24.259343766237844	26.720401172754226	23.112031929464276
50	25.004670512401887	24.132861686560485	28.020106664731703	22.842361136305918
51	25.879235060847144	23.882927469216163	26.90541896277191	23.332418507164775
52	26.600713120091967	24.008885169843964	26.113546292192513	23.27685541787156
53	25.41548019285631	24.067357148891855	26.375417716301286	24.141744941950552
54	26.240213531653268	23.81818007667747	26.38810353224006	23.553502859429205
55	26.839747839665918	23.919972034106372	26.080599986740726	23.159680139486984
56	26.346499807977185	23.899683161149735	26.46946309995882	23.28435393091426
57	26.294300468807684	23.741994975236086	26.50970761632537	23.45399693963085
58	25.702105975681143	23.854367524496944	27.28715920955177	23.15636729027014
59	26.343668768466983	23.960678396156073	26.496274694730705	23.19937814064624
60	25.92037647004189	23.769801514413437	26.903025489030348	23.406796526514327
61	26.89882279182612	23.906530597386677	25.94069320544114	23.25395340534606
62	26.338061530850265	23.957134662042936	26.34444463498888	23.360359172117924
63	26.366486223064978	23.680338361866603	26.52714686694692	23.426028548121494
64	25.88700158286022	23.930263203724557	26.91171490713758	23.271020306277645
65	26.3553222090047	23.95259155124446	26.474867702471215	23.217218537279628
66	25.983323345963466	23.888276079172343	26.56911385328307	23.559286721581117
67	25.676446090991146	25.11977140360193	25.963991316409956	23.239791188996968
68	25.15995892654064	25.49908808298528	26.18466660036713	23.156286390106953
69	25.143903415281272	25.38151014221613	25.956521373064895	23.51806506943771
70	25.397989797178948	25.69314200494379	25.74025976414932	23.16860843372794
71	25.09239187063975	25.63132183281356	26.01086806388532	23.26541823266138
72	25.164400511419537	25.669615844885772	26.0708187642877	23.095164879406983
73	25.999541171587975	26.447242083556244	25.959978390983956	21.593238353871826
74	27.563738686562335	28.249585705099566	26.21016311057094	17.97651249776716
75	35.11051821590199	37.240075064393224	27.649406719704782	0.0
>>END_MODULE
>>Per base GC content	fail
#Base	%GC
1	82.54832602719743
2	49.14567260292126
3	49.11900190861555
4	48.16023256648109
5	44.66126855078293
6	44.55856336319776
7	35.08671555639273
8	43.88662196411625
9	46.3132368251263
10	41.35671843846211
11	54.90935461285411
12	51.751674906783805
13	46.604538820173005
14	47.99863171835611
15	47.60031339978543
16	49.46847633672421
17	49.06130372498
18	47.589794314551305
19	49.43618065699305
20	47.16448836036198
21	49.20665495536598
22	47.533630172013964
23	47.27895588196062
24	49.313433975118656
25	47.84340675022063
26	48.7821513122611
27	49.10185325288168
28	47.491499216810034
29	48.86984580544443
30	47.437579411337595
31	49.459545231004654
32	47.28079392307561
33	49.52865876557703
34	49.766940599572294
35	49.27787956648781
36	49.601506023134746
37	49.84678907690011
38	49.310983768533795
39	47.995774633272944
40	49.70508859435641
41	47.82423581417105
42	47.888115329744785
43	48.27235956462821
44	49.280566743600644
45	49.32305740764296
46	49.909795068035976
47	49.48657287627717
48	49.367830385970635
49	49.02025506100792
50	47.84703164870781
51	49.211653568011926
52	49.877568537963526
53	49.55722513480686
54	49.79371639108247
55	49.9994279791529
56	49.630853738891446
57	49.74829740843854
58	48.85847326595128
59	49.54304690911322
60	49.327172996556214
61	50.15277619717218
62	49.698420702968185
63	49.792514771186475
64	49.15802188913786
65	49.572540746284325
66	49.54261006754459
67	48.91623727998811
68	48.31624531664759
69	48.66196848471898
70	48.56659823090689
71	48.35781010330113
72	48.25956539082652
73	47.5927795254598
74	45.54025118432949
75	35.11051821590199
>>END_MODULE
>>Per sequence GC content	fail
#GC Content	Count
0	5754.0
1	4070.0
2	2304.5
3	2302.5
4	2382.0
5	2608.5
6	3114.5
7	3625.5
8	3858.0
9	4274.5
10	5068.5
11	6160.0
12	6903.5
13	7919.0
14	10343.0
15	13561.0
16	15713.5
17	19585.5
18	27285.0
19	36276.5
20	42509.0
21	53037.0
22	74201.5
23	102564.5
24	124255.5
25	156832.0
26	213815.5
27	278898.0
28	327455.0
29	395101.5
30	511291.5
31	640324.5
32	732239.5
33	848275.0
34	1039396.0
35	1213028.5
36	1310412.5
37	1420650.0
38	1570033.0
39	1696641.0
40	1782195.0
41	1808966.5
42	1815423.0
43	1832888.5
44	1851991.0
45	1825484.0
46	1767997.0
47	1715944.5
48	1687249.5
49	1656309.0
50	1616181.5
51	1580593.5
52	1553563.0
53	1543143.5
54	1522551.5
55	1490556.5
56	1467688.5
57	1409701.5
58	1336712.0
59	1261451.0
60	1188979.0
61	1106419.0
62	991334.5
63	881911.0
64	805229.0
65	741640.0
66	631505.5
67	519496.0
68	451022.0
69	396961.0
70	330899.5
71	260492.0
72	212038.5
73	184529.5
74	147821.5
75	111617.5
76	89819.5
77	75596.5
78	58565.5
79	43277.5
80	34576.5
81	29764.5
82	23719.5
83	17846.0
84	14635.5
85	12716.5
86	10723.5
87	8872.5
88	8033.5
89	7794.0
90	7696.0
91	8100.0
92	8390.0
93	10359.5
94	12103.0
95	14191.5
96	16510.5
97	24462.5
98	167632.0
99	188137.0
100	73425.0
>>END_MODULE
>>Per base N content	pass
#Base	N-Count
1	0.05022325221207849
2	9.916462030798063E-4
3	5.78057176917253E-4
4	3.3377360006100803E-4
5	2.44283576856245E-4
6	5.224282435737517E-4
7	2.3944627830463618E-4
8	2.3944627830463618E-4
9	2.3944627830463618E-4
10	2.3944627830463618E-4
11	2.3944627830463618E-4
12	2.539581739594626E-4
13	2.636327710626802E-4
14	2.467022261320494E-4
15	2.8298196526911547E-4
16	2.44283576856245E-4
17	2.9507521164813755E-4
18	2.974938609239419E-4
19	3.482854957158344E-4
20	2.878192638207243E-4
21	3.386108986126168E-4
22	9.069934784266523E-4
23	2.5153952468365823E-4
24	4.958231015399032E-4
25	3.265176522335948E-4
26	4.571247131270327E-4
27	3.4586684644003006E-4
28	9.11830776978261E-4
29	0.0013205825045892055
30	0.0013036519596585747
31	0.0011803008465925502
32	0.0012794654669005309
33	7.062455885348865E-4
34	8.513645450831508E-4
35	0.0011778821973167457
36	8.828093343953812E-4
37	0.0015237536136844876
38	0.0010569532357933996
39	0.0015842213680165103
40	0.0014632886869039895
41	0.0014391023406866545
42	9.287654327437415E-4
43	9.771387032667996E-4
44	5.175934738138456E-4
45	9.456966473143111E-4
46	0.0010327686862018936
47	0.0027403442772154524
48	0.0019228370103217408
49	0.001850277570659561
50	0.0015189214071365312
51	6.917382770981154E-4
52	0.0027863035764818566
53	0.0022541980266044225
54	0.0036110723653822816
55	9.553745283412701E-4
56	0.0023582041474836837
57	0.00228322783401785
58	9.505396489316044E-4
59	0.0011101743829994232
60	0.0017753142027990272
61	0.003775573159094865
62	0.0027137735836780595
63	0.002128454863188001
64	0.0034611775245208466
65	0.0033765630148895782
66	0.002861515471171623
67	0.003937959051611742
68	0.004847646618753179
69	0.005015161974127425
70	0.008006013707031207
71	0.003986009470225418
72	0.003782790834928678
73	0.004507707318407598
74	0.0033301322425934306
75	0.006607446923600714
>>END_MODULE
>>Sequence Length Distribution	warn
#Length	Count
35	110.0
36	14.0
37	13.0
38	22.0
39	7.0
40	7.0
41	10.0
42	3.0
43	16.0
44	7.0
45	9.0
46	3.0
47	12.0
48	10.0
49	20.0
50	11.0
51	17.0
52	19.0
53	22.0
54	17.0
55	21.0
56	45.0
57	41.0
58	79.0
59	62.0
60	78.0
61	73.0
62	97.0
63	235.0
64	495.0
65	2086.0
66	518.0
67	1565.0
68	4990.0
69	15717.0
70	49595.0
71	215000.0
72	989632.0
73	2919041.0
74	9646397.0
75	2.7499275E7
>>END_MODULE
>>Sequence Duplication Levels	fail
#Total Duplicate Percentage	63.36729765163191
#Duplication Level	Relative count
1	100.0
2	24.775849511515183
3	14.584222819398748
4	10.3272471557375
5	8.059371625185223
6	6.558756310118794
7	5.439887485244996
8	4.794434538011402
9	4.184142451716603
10++	72.42509480875003
>>END_MODULE
>>Overrepresented sequences	warn
#Sequence	Count	Percentage	Possible Source
TGGGGGGGGGGGGGGGGGGGGGGGGGGGGGGGGGGGGGGGGGGGGGGGGGGGGGGGGGGGGGGGGGGGGGGGGGG	228870	0.5535562597533543	No Hit
GGGGGGGGGGGGGGGGGGGGGGGGGGGGGGGGGGGGGGGGGGGGGGGGGGGGGGGGGGGGGGGGGGGGGGGGGGG	61474	0.14868404558080003	No Hit
>>END_MODULE
>>Kmer Content	fail
#Sequence	Count	Obs/Exp Overall	Obs/Exp Max	Max Obs/Exp Position
GGGGG	39120330	11.446902	16.105307	59
TTTTT	21401050	5.036863	20.525799	2
AAAAA	11067955	4.62067	23.191523	69
CTCCA	7076710	3.1159632	24.070631	24
TCTTC	8610875	2.8506327	6.1366963	7
CTTCT	8533075	2.824877	5.339465	5
TCCAG	7212975	2.7970676	21.24969	25
TTCTT	9521075	2.6576362	5.2615976	6
CTTCA	6760520	2.5099008	6.0229306	6
CCACA	4563420	2.2533772	5.748641	2
GAAGA	5981390	2.1662016	19.822315	6
GGAAG	6340970	2.138858	18.08508	5
GGCAG	5971105	2.1300163	7.3744946	1
CACAC	4296505	2.121577	26.118643	12
GCCAG	4917470	1.9917846	11.335262	1
GCACA	4412775	1.9190348	23.317007	11
CTGAA	5117795	1.8765906	19.508705	19
AAGAG	5135390	1.8598168	19.732742	7
GAAAA	4750025	1.8469838	8.778691	66
AAAAG	4678275	1.8190846	7.5117173	71
TTTCA	5758420	1.8025835	5.0516486	6
TTCAG	5486705	1.7939723	5.426811	7
AGCAC	4068035	1.7691138	23.551916	10
TGGGG	6298475	1.7644478	7.3724394	1
GGCCA	4355935	1.764339	5.3436294	1
AGAGC	4534030	1.7365333	20.636005	8
GAGCA	4513070	1.7285056	20.762545	9
TCTGA	5263630	1.721034	17.428951	18
CCAGT	4349585	1.6866943	20.330362	26
GGTGG	5885540	1.6487687	5.5764065	56
GCCAC	3502045	1.6106261	9.344028	1
GCCTC	3878770	1.5906863	5.6953683	1
GGGCA	4417480	1.5758065	5.228755	1
TCACC	3563385	1.5690027	22.779343	30
GGAAA	4313335	1.5621037	6.6622477	65
GCCCA	3395935	1.561825	6.59462	1
GGGAG	4868270	1.5294334	5.0303235	1
ACTCC	3454865	1.5212201	22.74571	23
GTCCA	3907110	1.5151101	12.080848	1
GCCTG	4051350	1.4632478	5.9351983	1
TTTTA	5510255	1.4543846	5.008297	6
AGTCA	3936670	1.4434962	19.003857	28
CAGTC	3686865	1.4297029	20.01893	27
GCTCA	3677140	1.4259317	5.1185255	1
GTCTG	4622220	1.4076163	15.945979	17
GTCAC	3606530	1.3985503	19.979712	29
GGGTG	4970880	1.3925369	6.8807907	55
GGGGA	4386395	1.3780457	5.5320473	1
GGGAA	4083555	1.3774147	5.8783064	1
GTGGG	4856140	1.3603936	5.4124775	57
GTCCT	3863700	1.3360091	7.447037	1
GGGGT	4757300	1.3327047	6.4951344	54
GTTTT	5385550	1.3239366	5.954513	1
AACTC	3153935	1.3131421	21.48201	22
GAACT	3535815	1.2965109	18.94672	21
GTTCT	4428910	1.291274	5.4865327	1
GTCAG	3762770	1.2850612	9.606958	1
GCCAT	3176635	1.2318444	7.2795625	1
GCCAA	2788350	1.2126023	6.9566383	1
TGAAT	3920845	1.212221	14.079127	39
GTGAA	3663570	1.1830926	15.152594	38
TGAAC	3182405	1.1669227	18.859959	20
GTTCA	3533380	1.1552991	6.9851313	1
CCGGC	2459045	1.0533413	21.473726	33
GTGGA	3463625	1.0417769	5.083784	1
GTCAT	3161660	1.0337589	6.1940875	1
CGGGG	2996290	0.995501	6.8517766	53
GGCGG	2956950	0.9824305	5.165397	51
GAATC	2632550	0.96530217	11.146834	40
ACACG	2204410	0.95865744	21.97594	13
CACGT	2444165	0.94780517	19.593565	14
CACCG	2016945	0.9276135	22.966372	31
GTCAA	2472125	0.9064774	5.891893	1
CGGAA	2327830	0.8915587	19.187723	4
TCGGA	2520340	0.8607466	17.205069	3
GCGGG	2451925	0.8146387	6.806562	52
ATCGG	2278765	0.7782439	16.84815	2
CGTCT	2185415	0.75568354	17.411552	16
CGGCG	1997665	0.7536208	18.684591	34
ACGTC	1789725	0.69402456	19.426075	15
GATCG	1939395	0.6623423	16.602154	1
ACCGG	1619615	0.656013	20.05432	32
GGCGT	1955340	0.62196803	15.730004	35
GCGTG	1920405	0.6108557	15.748557	36
TCGGG	1799000	0.5722383	6.009705	43
CGTGA	1633420	0.5578456	15.646426	37
AATCG	904950	0.33182663	7.8220162	41
>>END_MODULE
