##FastQC	0.10.1
>>Basic Statistics	pass
#Measure	Value	
Filename	SRR13389805.fastq	
File type	Conventional base calls	
Encoding	Sanger / Illumina 1.9	
Total Sequences	47131086	
Filtered Sequences	0	
Sequence length	35-75	
%GC	50	
>>END_MODULE
>>Per base sequence quality	pass
#Base	Mean	Median	Lower Quartile	Upper Quartile	10th Percentile	90th Percentile
1	30.5197066963405	32.0	32.0	32.0	32.0	32.0
2	31.208462669415255	32.0	32.0	32.0	32.0	32.0
3	31.28010462139574	32.0	32.0	32.0	32.0	32.0
4	31.34871333115473	32.0	32.0	32.0	32.0	32.0
5	31.39033269889007	32.0	32.0	32.0	32.0	32.0
6	34.69506454826863	36.0	36.0	36.0	32.0	36.0
7	34.61336895568245	36.0	36.0	36.0	32.0	36.0
8	34.62815902438573	36.0	36.0	36.0	32.0	36.0
9	34.658139449619306	36.0	36.0	36.0	32.0	36.0
10	34.60581877956302	36.0	36.0	36.0	32.0	36.0
11	34.78980276414594	36.0	36.0	36.0	32.0	36.0
12	34.75138586876611	36.0	36.0	36.0	32.0	36.0
13	34.713733118731874	36.0	36.0	36.0	32.0	36.0
14	34.70945710862678	36.0	36.0	36.0	32.0	36.0
15	34.70986204306856	36.0	36.0	36.0	32.0	36.0
16	34.716677778229	36.0	36.0	36.0	32.0	36.0
17	34.72318123541647	36.0	36.0	36.0	32.0	36.0
18	34.704470272550054	36.0	36.0	36.0	32.0	36.0
19	34.69774713020617	36.0	36.0	36.0	32.0	36.0
20	34.68888421115525	36.0	36.0	36.0	32.0	36.0
21	34.68551811006434	36.0	36.0	36.0	32.0	36.0
22	34.6293227361661	36.0	36.0	36.0	32.0	36.0
23	34.595813599542346	36.0	36.0	36.0	32.0	36.0
24	34.58465718358367	36.0	36.0	36.0	32.0	36.0
25	34.557682226970115	36.0	36.0	36.0	32.0	36.0
26	34.48234413694605	36.0	36.0	36.0	32.0	36.0
27	34.45041699230101	36.0	36.0	36.0	32.0	36.0
28	34.41991451247272	36.0	36.0	36.0	32.0	36.0
29	34.418375316028154	36.0	36.0	36.0	32.0	36.0
30	34.37610274883121	36.0	36.0	36.0	32.0	36.0
31	34.342282352670594	36.0	36.0	36.0	32.0	36.0
32	34.299064634326484	36.0	36.0	36.0	32.0	36.0
33	34.29294533972759	36.0	36.0	36.0	32.0	36.0
34	34.266919204874675	36.0	36.0	36.0	32.0	36.0
35	34.23364269603293	36.0	36.0	36.0	32.0	36.0
36	34.21997794060734	36.0	36.0	36.0	32.0	36.0
37	34.21278157171215	36.0	36.0	36.0	32.0	36.0
38	34.17678623714538	36.0	36.0	36.0	32.0	36.0
39	34.1564970447195	36.0	36.0	36.0	32.0	36.0
40	34.12668673121925	36.0	36.0	36.0	32.0	36.0
41	34.06280581599229	36.0	36.0	36.0	32.0	36.0
42	33.93321575999082	36.0	36.0	36.0	32.0	36.0
43	33.87276344512973	36.0	36.0	36.0	32.0	36.0
44	33.781283767034836	36.0	36.0	36.0	27.0	36.0
45	33.69315278994338	36.0	36.0	36.0	27.0	36.0
46	33.6841051689632	36.0	36.0	36.0	27.0	36.0
47	33.8315118358438	36.0	36.0	36.0	32.0	36.0
48	33.60852116183974	36.0	36.0	36.0	27.0	36.0
49	33.537970091018835	36.0	36.0	36.0	27.0	36.0
50	33.64796575299697	36.0	36.0	36.0	27.0	36.0
51	33.5337557721581	36.0	36.0	36.0	27.0	36.0
52	33.461981562860316	36.0	36.0	36.0	27.0	36.0
53	33.48947874918408	36.0	36.0	36.0	27.0	36.0
54	33.45401170854865	36.0	36.0	36.0	27.0	36.0
55	33.289747515816394	36.0	36.0	36.0	27.0	36.0
56	33.25076423738237	36.0	36.0	36.0	27.0	36.0
57	33.19809992670792	36.0	36.0	36.0	21.0	36.0
58	33.26706413705504	36.0	36.0	36.0	27.0	36.0
59	33.13558416649411	36.0	36.0	36.0	21.0	36.0
60	33.10436023735257	36.0	36.0	36.0	21.0	36.0
61	33.194147673938986	36.0	36.0	36.0	27.0	36.0
62	33.07413353342569	36.0	36.0	36.0	21.0	36.0
63	33.00549580398003	36.0	32.0	36.0	21.0	36.0
64	33.05550596196695	36.0	36.0	36.0	21.0	36.0
65	33.027815765601986	36.0	32.0	36.0	21.0	36.0
66	32.9100307410437	36.0	32.0	36.0	21.0	36.0
67	32.9676699107515	36.0	36.0	36.0	21.0	36.0
68	33.023518297735336	36.0	36.0	36.0	21.0	36.0
69	33.0411166397662	36.0	36.0	36.0	21.0	36.0
70	33.02386915551355	36.0	32.0	36.0	21.0	36.0
71	32.99767602146031	36.0	32.0	36.0	21.0	36.0
72	32.88049077798727	36.0	32.0	36.0	21.0	36.0
73	32.777118569252245	36.0	32.0	36.0	14.0	36.0
74	32.65928903233233	36.0	32.0	36.0	14.0	36.0
75	30.39455443796645	36.0	27.0	36.0	14.0	36.0
>>END_MODULE
>>Per sequence quality scores	pass
#Quality	Count
2	124.0
3	0.0
4	0.0
5	0.0
6	0.0
7	0.0
8	0.0
9	0.0
10	0.0
11	0.0
12	2.0
13	12.0
14	17.0
15	108.0
16	1113.0
17	5009.0
18	11778.0
19	18537.0
20	24726.0
21	36082.0
22	61433.0
23	108794.0
24	194145.0
25	327528.0
26	546459.0
27	867383.0
28	1101799.0
29	1351812.0
30	1774148.0
31	2374513.0
32	3283819.0
33	4995493.0
34	9699519.0
35	2.0346733E7
>>END_MODULE
>>Per base sequence content	fail
#Base	G	A	T	C
1	53.35179932850566	9.717226481627993	6.569996945591535	30.36097724427481
2	25.46912497519129	13.016930947096853	33.399687226677145	28.114256851034714
3	23.48704917878003	16.650784269605467	26.47098144641948	33.39118510519502
4	26.781230233916702	24.240936253253516	22.564355465731065	26.413478047098714
5	28.903762151407996	28.177059333273046	23.04996431432605	19.8692142009929
6	26.922522900462344	28.741309534269266	23.642331513158364	20.693836052110022
7	19.910461407513814	22.61117224808609	40.128190042036486	17.350176302363614
8	21.982473007871132	22.24967527715645	30.969609744014985	24.798241970957434
9	23.237821880232364	19.74560587157122	33.2196783931548	23.796893855041617
10	23.762994695503988	32.49893138188013	25.38328625670743	18.354787665908454
11	29.94771462547274	23.258065472968703	21.82752815442214	24.966691747136416
12	26.21585224470212	20.9678467566739	26.79979545501658	26.016505543607405
13	25.374635006218842	23.975080912878038	27.522519177423575	23.127764903479537
14	24.773182537058812	23.0109099621372	27.47964337073458	24.736264130069404
15	25.532508937970395	23.941369647025546	26.769859446487665	23.756261968516394
16	26.06777702823499	22.666980176127986	26.373648197318477	24.891594598318548
17	27.131855085209022	23.05960307504262	26.467499342894275	23.341042496854083
18	25.583821888894605	23.049747723050977	27.71349504776491	23.652935340289513
19	26.044494959062114	23.133184861773945	26.038110614112455	24.784209565051487
20	25.585911218501746	23.310527227694518	27.799987294971757	23.303574258831976
21	26.957314535480588	23.099063533988254	26.35686152072371	23.586760409807447
22	25.705141101633295	24.77072981698232	26.074090064301696	23.450039017082688
23	25.46982342876977	24.643338938779316	26.509757887126025	23.377079745324895
24	25.36740781572672	23.088262533664242	26.317335113907298	25.226994536701742
25	25.689753742315418	23.210809720116828	27.247856316814556	23.851580220753192
26	25.325531396508964	23.432833106952998	26.314694314623278	24.926941181914756
27	25.32594375915575	23.123480309852727	26.305523889026787	25.245052041964733
28	25.620625602089888	24.497875892978215	26.0716741123909	23.809824392540996
29	26.862273295569373	23.21352161207796	26.324063145979327	23.60014194637334
30	25.470957636298163	23.073468349474574	27.57961280837321	23.87596120585405
31	25.706047429100753	23.219356970608867	25.84199344144088	25.23260215884949
32	25.284401917026784	24.644455168336485	26.346629497800194	23.724513416836544
33	25.32513126838066	22.841382500883235	26.29909235657336	25.53439387416275
34	27.20771922059661	23.114233588683717	25.73652419290074	23.941522997818936
35	25.443155649548938	24.589311644564138	26.248640318013983	23.71889238787294
36	25.37868072153223	23.09608197742716	27.466000545081865	24.059236755958743
37	25.774460829877942	23.058854312715955	27.255665835380995	23.91101902202511
38	25.479828428316782	23.282055305803976	26.140253714864386	25.097862551014856
39	25.57639439713462	22.974940069614536	27.43880720471222	24.009858328538627
40	27.143658509561106	23.166836685048512	25.782681838086063	23.90682296730432
41	25.487264938475384	23.187022424981745	26.12752373156544	25.19818890497743
42	25.380509263768026	24.42465254371967	26.17804775220404	24.01679044030826
43	25.786887954817388	23.10402614502453	27.133366563163637	23.97571933699444
44	25.519233102356548	23.252557586514026	26.253054122031973	24.975155189097453
45	26.226289501372236	22.96181181449217	26.73122275165653	24.08067593247906
46	26.46896994341475	23.143018555534887	25.7946288655384	24.59338263551196
47	26.82327473403153	23.27254007461745	26.084435344026236	23.819749847324786
48	26.036806983420192	22.98872382859167	26.901183674954645	24.073285513033497
49	26.029698856114596	23.718384610905996	26.17139447963136	24.080522053348048
50	25.510325434887406	23.30905576997515	27.446032175676876	23.734586619460572
51	26.55105629208136	23.034247724877538	26.221277845332626	24.193418137708484
52	26.672465450932037	23.13126329862034	25.73627949879883	24.459991751648797
53	25.754819336340105	23.213895074312287	26.068897815475793	24.962387773871814
54	26.654305680549562	23.041155234473198	26.05214894988271	24.25239013509453
55	26.753590008034557	23.135352719903278	26.027766450406826	24.083290821655343
56	26.504626640921174	23.20680174554609	26.094514505114404	24.194057108418328
57	26.444859570047313	22.967948892998276	26.337262442633875	24.249929094320542
58	25.889914620299088	23.09860024563943	26.937787363074367	24.073697770987113
59	26.6069148020864	23.213971764427303	26.118469141994964	24.060644291491325
60	26.140713252755997	23.00205170650056	26.607630525121944	24.249604515621495
61	27.09475288779062	23.137356750965814	25.603819252814482	24.164071108429084
62	26.45651426795268	23.255538459903015	25.972202515647446	24.315744756496862
63	26.499862070405435	22.953653046374708	26.298634027028346	24.247850856191512
64	25.973789756646692	23.076293205600237	26.726901549083397	24.22301548866967
65	26.694072310490185	23.212649916920093	26.09439932537081	23.998878447218917
66	26.089590747627362	23.330481867458975	26.24567195288815	24.334255432025515
67	25.920888980127337	24.279235655987264	25.634336687230473	24.16553867665493
68	25.59898982400737	24.526985074472297	25.913547205868603	23.96047789565173
69	25.592883875949706	24.346171549685888	25.774672301270908	24.2862722730935
70	25.853494810875894	24.515972082553073	25.51708208423816	24.11345102233287
71	25.604415499565263	24.608037228304973	25.760275394078093	24.02727187805167
72	25.655430291328834	24.608537268431906	25.853057292486568	23.88297514775269
73	26.502479260043554	25.331843360000246	25.739911381833895	22.42576599812231
74	28.26329890943456	27.122570619321284	25.938708443689823	18.67542202755434
75	36.2963350489345	36.31891338891017	27.38475156215533	0.0
>>END_MODULE
>>Per base GC content	fail
#Base	%GC
1	83.71277657278048
2	53.583381826225995
3	56.87823428397505
4	53.194708281015416
5	48.772976352400896
6	47.61635895257237
7	37.26063770987743
8	46.78071497882857
9	47.03471573527398
10	42.117782361412445
11	54.91440637260916
12	52.23235778830953
13	48.50239990969838
14	49.509446667128216
15	49.28877090648679
16	50.95937162655354
17	50.472897582063105
18	49.236757229184114
19	50.8287045241136
20	48.88948547733373
21	50.54407494528803
22	49.15518011871598
23	48.84690317409466
24	50.59440235242846
25	49.54133396306861
26	50.25247257842372
27	50.57099580112049
28	49.430449994630884
29	50.462415241942715
30	49.34691884215221
31	50.938649587950245
32	49.00891533386332
33	50.859525142543404
34	51.149242218415544
35	49.16204803742188
36	49.43791747749097
37	49.685479851903054
38	50.577690979331635
39	49.58625272567325
40	51.05048147686543
41	50.68545384345282
42	49.39729970407629
43	49.76260729181183
44	50.494388291453994
45	50.3069654338513
46	51.06235257892672
47	50.64302458135631
48	50.11009249645368
49	50.11022090946264
50	49.24491205434797
51	50.74447442978985
52	51.13245720258084
53	50.717207110211916
54	50.906695815644085
55	50.8368808296899
56	50.6986837493395
57	50.69478866436785
58	49.9636123912862
59	50.66755909357773
60	50.39031776837749
61	51.258823996219704
62	50.77225902444954
63	50.74771292659695
64	50.19680524531637
65	50.6929507577091
66	50.42384617965288
67	50.08642765678226
68	49.559467719659104
69	49.879156149043204
70	49.96694583320876
71	49.631687377616934
72	49.538405439081515
73	48.92824525816586
74	46.9387209369889
75	36.2963350489345
>>END_MODULE
>>Per sequence GC content	warn
#GC Content	Count
0	169.0
1	103.5
2	35.5
3	50.0
4	67.0
5	88.0
6	125.0
7	166.0
8	190.5
9	239.0
10	372.5
11	608.0
12	768.0
13	1043.5
14	1842.5
15	2966.5
16	3695.0
17	5207.5
18	8394.0
19	12705.0
20	16036.5
21	21315.0
22	32767.0
23	49089.0
24	61464.5
25	79886.5
26	114113.0
27	157116.0
28	191166.0
29	242321.0
30	339118.5
31	456971.0
32	543861.5
33	667133.5
34	886396.5
35	1108704.0
36	1243717.0
37	1386264.5
38	1593235.5
39	1793674.0
40	1931847.5
41	2016319.5
42	2087530.0
43	2136017.0
44	2175641.0
45	2184616.0
46	2164924.5
47	2132591.5
48	2114649.5
49	2098340.0
50	2067910.5
51	2023601.0
52	1990862.5
53	1966218.0
54	1907370.5
55	1831612.0
56	1787458.0
57	1716712.5
58	1619188.5
59	1532135.0
60	1457313.0
61	1364603.0
62	1239992.0
63	1119162.5
64	1027648.5
65	949657.5
66	815758.0
67	677455.5
68	592134.0
69	522981.0
70	438344.0
71	350160.5
72	288135.5
73	250491.0
74	203055.0
75	156776.0
76	127745.0
77	109261.0
78	86413.0
79	64846.0
80	52550.5
81	45877.5
82	36836.5
83	27399.0
84	21826.0
85	18446.5
86	14625.0
87	11255.5
88	9875.5
89	8884.0
90	7814.5
91	7673.5
92	7689.0
93	8447.5
94	10181.0
95	14049.0
96	16942.5
97	26228.5
98	192020.5
99	198814.0
100	49102.0
>>END_MODULE
>>Per base N content	pass
#Base	N-Count
1	0.05389648776605742
2	9.929752096100649E-4
3	6.174268931549763E-4
4	3.458439298428218E-4
5	2.715829633121545E-4
6	5.707485713356997E-4
7	2.6309599570864973E-4
8	2.6309599570864973E-4
9	2.6309599570864973E-4
10	2.6309599570864973E-4
11	2.6309599570864973E-4
12	2.8219167281653555E-4
13	3.097743175279263E-4
14	2.652177376095259E-4
15	2.97043866122669E-4
16	2.8006993091565937E-4
17	3.437221879419456E-4
18	3.0765257562705004E-4
19	3.6918309075246005E-4
20	2.97043866122669E-4
21	3.6281786504983144E-4
22	9.505403715925409E-4
23	2.86435156618288E-4
24	4.5829625058926073E-4
25	3.6281786504983144E-4
26	4.7739192769714667E-4
27	3.7979180025684114E-4
28	9.696360487004268E-4
29	0.0012963843014353626
30	0.0012157581092020668
31	0.001298506043336239
32	0.0012772886243274768
33	7.489748910093012E-4
34	8.932533402688833E-4
35	0.0012306103025082002
36	8.677950520150837E-4
37	0.0015382678717605696
38	0.0011287706668997761
39	0.0016783048230152242
40	0.0014449125805610374
41	0.0015128087800790624
42	0.0010078321286910393
43	0.0010905806128120987
44	5.834820558368564E-4
45	9.399367475612725E-4
46	0.0011054336519676878
47	0.002885585393404375
48	0.001884118121221062
49	0.0019032143168055756
50	0.0015022029870457696
51	7.19275342186757E-4
52	0.0027985982311586124
53	0.002304230184702509
54	0.003747027520835043
55	0.001035419076853875
56	0.0023233291698708807
57	0.002316965900054366
58	0.001060882902821747
59	0.0011648517999792872
60	0.0017928982684273396
61	0.003670673146288843
62	0.0027498270377889255
63	0.0021663420548439726
64	0.0035752366000344413
65	0.0034309986077402307
66	0.0030301167505257134
67	0.004035964218270123
68	0.004759749470385032
69	0.005070233020608831
70	0.007649839560379878
71	0.0038967175543681916
72	0.0037467786360007335
73	0.004313248593677027
74	0.003354350134605448
75	0.0065780199244880955
>>END_MODULE
>>Sequence Length Distribution	warn
#Length	Count
35	142.0
36	11.0
37	13.0
38	30.0
39	11.0
40	5.0
41	9.0
42	7.0
43	17.0
44	10.0
45	6.0
46	7.0
47	15.0
48	10.0
49	12.0
50	12.0
51	31.0
52	30.0
53	16.0
54	17.0
55	31.0
56	41.0
57	48.0
58	96.0
59	66.0
60	73.0
61	83.0
62	99.0
63	390.0
64	612.0
65	2239.0
66	612.0
67	1956.0
68	6179.0
69	19123.0
70	59436.0
71	252733.0
72	1183180.0
73	3419650.0
74	1.1369284E7
75	3.0814744E7
>>END_MODULE
>>Sequence Duplication Levels	fail
#Total Duplicate Percentage	64.19368797197136
#Duplication Level	Relative count
1	100.0
2	25.084463849472424
3	15.377618379333645
4	11.257081968917303
5	8.951868600239097
6	7.17163054212797
7	6.068402723634285
8	5.249753105670773
9	4.557149539996882
10++	76.17079889807162
>>END_MODULE
>>Overrepresented sequences	warn
#Sequence	Count	Percentage	Possible Source
TGGGGGGGGGGGGGGGGGGGGGGGGGGGGGGGGGGGGGGGGGGGGGGGGGGGGGGGGGGGGGGGGGGGGGGGGGG	271939	0.576984370782375	No Hit
>>END_MODULE
>>Kmer Content	fail
#Sequence	Count	Obs/Exp Overall	Obs/Exp Max	Max Obs/Exp Position
GGGGG	38990065	9.2570505	12.738165	71
AAAAA	9697255	4.1904917	21.81303	68
CTCCA	8585400	3.0600832	18.717264	24
TCTTC	10434370	2.9920595	6.4994407	7
CTTCT	10399730	2.9821267	5.3576283	5
TTCTT	10740845	2.7958212	5.7211537	6
TCCAG	8535985	2.7644548	17.057146	25
CTTCA	8134235	2.6318214	5.8900495	6
CTGCA	7176425	2.3241491	16.365583	38
GAAGA	6500725	2.2107465	17.961294	6
CCACA	5413280	2.1770525	5.1699867	2
TTCTG	8344190	2.174059	13.737338	36
GGAAG	7111635	2.145493	15.513785	5
GGCAG	7224230	2.1278775	7.8072486	1
CCCAG	5935235	2.1175168	5.3111353	1
CATCT	6358820	2.057388	6.804953	41
TCTGC	6876825	1.9738227	14.749537	37
GCCAG	5959460	1.9318744	8.906034	1
CACAC	4764935	1.9163084	20.073591	12
CTGAA	5714075	1.8954152	16.72796	19
AAGAG	5506660	1.8726882	17.56274	7
TTCAG	6272220	1.8439285	5.01303	7
GAAAA	4731470	1.813814	8.279284	66
GCACA	4921590	1.798444	18.514189	11
AAAAG	4689685	1.7977958	8.4976015	71
GGCCA	5403210	1.7515553	5.2876186	1
TCTGA	5921675	1.7408739	14.874345	18
GAGCA	5052815	1.6776756	17.131735	9
AGAGC	5041450	1.6739022	17.00029	8
AGCAC	4566510	1.6686908	18.772585	10
TGGGG	6949025	1.6482626	7.1025434	1
CCAGT	5010880	1.6228181	16.072386	26
GGGCA	5345240	1.574426	5.0952296	1
TGGAA	5217670	1.5725994	5.1991177	64
GGAAA	4572875	1.5551293	6.4481735	65
ATTCT	5235280	1.5376112	14.5635605	35
GCCAC	4210385	1.5021411	6.5546403	1
GTCCA	4630875	1.49975	9.406385	1
GCCCA	4136700	1.4758525	5.4988813	1
GCCTG	4942325	1.4199324	5.113965	1
AGTCA	4268275	1.4158292	16.20365	28
ACTCC	3906680	1.3924531	17.379787	23
GCATC	4276770	1.3850701	13.963218	40
GTCTG	5287370	1.3789324	12.949089	17
CAGTC	4203215	1.3612486	15.823645	27
GTCCT	4697390	1.3482696	6.683182	1
GGGTG	5569190	1.3209748	5.7670608	61
GAACT	3894430	1.291821	16.101349	21
GTCAG	4388405	1.2913548	7.4068236	1
GTCAC	3966070	1.284447	15.72597	29
AACTC	3423750	1.2499062	17.681145	22
TGCAT	4197880	1.2341069	13.607982	39
GCCAT	3766680	1.2198727	5.130746	1
GCCAA	3196020	1.1678873	5.1658754	1
TGAAC	3454585	1.1459199	16.012228	20
GATTC	3323450	0.9770391	14.026557	34
CACGT	2732030	0.88479227	15.370767	14
ACACG	2391500	0.8739003	17.347916	13
CACGA	2290170	0.83687246	17.168667	31
CGGAA	2514315	0.8348228	15.655639	4
TCGGA	2743095	0.80719745	13.956974	3
TCACG	2266990	0.7341849	15.207758	30
CGTCT	2509240	0.72021544	13.569694	16
ATCGG	2309325	0.679554	13.546999	2
ACGAT	1932995	0.64119357	15.412451	32
ACGTC	1949615	0.63140017	15.183095	15
TGGCG	2393590	0.6248405	5.0773935	50
CATCG	1843165	0.5969254	8.323286	41
GATCG	1966890	0.5787874	13.15686	1
CGATT	1637075	0.48127285	13.62731	33
>>END_MODULE
