##FastQC	0.10.1
>>Basic Statistics	pass
#Measure	Value	
Filename	SRR13389824.fastq	
File type	Conventional base calls	
Encoding	Sanger / Illumina 1.9	
Total Sequences	32573748	
Filtered Sequences	0	
Sequence length	36-70	
%GC	49	
>>END_MODULE
>>Per base sequence quality	pass
#Base	Mean	Median	Lower Quartile	Upper Quartile	10th Percentile	90th Percentile
1	35.834563587831525	36.0	36.0	36.0	36.0	36.0
2	35.47829040121511	36.0	36.0	36.0	36.0	36.0
3	35.52066166902255	36.0	36.0	36.0	36.0	36.0
4	35.567055378459976	36.0	36.0	36.0	36.0	36.0
5	35.533540137904915	36.0	36.0	36.0	36.0	36.0
6	35.643833586481975	36.0	36.0	36.0	36.0	36.0
7	35.64893349085896	36.0	36.0	36.0	36.0	36.0
8	35.62216825647451	36.0	36.0	36.0	36.0	36.0
9	35.61213812423428	36.0	36.0	36.0	36.0	36.0
10	35.617801856881805	36.0	36.0	36.0	36.0	36.0
11	35.617506588434345	36.0	36.0	36.0	36.0	36.0
12	35.621300164783	36.0	36.0	36.0	36.0	36.0
13	35.61447316409521	36.0	36.0	36.0	36.0	36.0
14	35.6129324141637	36.0	36.0	36.0	36.0	36.0
15	35.61006937242838	36.0	36.0	36.0	36.0	36.0
16	35.61713082571892	36.0	36.0	36.0	36.0	36.0
17	35.59419975251236	36.0	36.0	36.0	36.0	36.0
18	35.58521282230095	36.0	36.0	36.0	36.0	36.0
19	35.57988313165559	36.0	36.0	36.0	36.0	36.0
20	35.568535558143324	36.0	36.0	36.0	36.0	36.0
21	35.56105938438524	36.0	36.0	36.0	36.0	36.0
22	35.55122222963105	36.0	36.0	36.0	36.0	36.0
23	35.535419780370376	36.0	36.0	36.0	36.0	36.0
24	35.54290979963374	36.0	36.0	36.0	36.0	36.0
25	35.52372014420938	36.0	36.0	36.0	36.0	36.0
26	35.50973781095132	36.0	36.0	36.0	36.0	36.0
27	35.49696890882805	36.0	36.0	36.0	36.0	36.0
28	35.49540154237087	36.0	36.0	36.0	36.0	36.0
29	35.48420826488864	36.0	36.0	36.0	36.0	36.0
30	35.47898967598079	36.0	36.0	36.0	36.0	36.0
31	35.481051735280815	36.0	36.0	36.0	36.0	36.0
32	35.46034794645062	36.0	36.0	36.0	36.0	36.0
33	35.43142557620327	36.0	36.0	36.0	36.0	36.0
34	35.40092279218222	36.0	36.0	36.0	36.0	36.0
35	35.36681756732446	36.0	36.0	36.0	36.0	36.0
36	35.357501783337916	36.0	36.0	36.0	36.0	36.0
37	35.35722949748561	36.0	36.0	36.0	36.0	36.0
38	35.341212858786356	36.0	36.0	36.0	36.0	36.0
39	35.33231091729481	36.0	36.0	36.0	36.0	36.0
40	35.32564351747553	36.0	36.0	36.0	36.0	36.0
41	35.3291457097586	36.0	36.0	36.0	36.0	36.0
42	35.327641778840245	36.0	36.0	36.0	36.0	36.0
43	35.31171859294533	36.0	36.0	36.0	36.0	36.0
44	35.27869539168079	36.0	36.0	36.0	36.0	36.0
45	35.28882707169081	36.0	36.0	36.0	36.0	36.0
46	35.28129186057461	36.0	36.0	36.0	36.0	36.0
47	35.247370287640734	36.0	36.0	36.0	36.0	36.0
48	35.23353731060846	36.0	36.0	36.0	36.0	36.0
49	35.21377160853777	36.0	36.0	36.0	36.0	36.0
50	35.17344934122736	36.0	36.0	36.0	32.0	36.0
51	35.14889710066302	36.0	36.0	36.0	32.0	36.0
52	35.141024373988486	36.0	36.0	36.0	32.0	36.0
53	35.150942740706455	36.0	36.0	36.0	32.0	36.0
54	35.11241872025369	36.0	36.0	36.0	32.0	36.0
55	35.11916045274337	36.0	36.0	36.0	32.0	36.0
56	35.129130078909334	36.0	36.0	36.0	32.0	36.0
57	35.09162632672845	36.0	36.0	36.0	32.0	36.0
58	35.08154620387356	36.0	36.0	36.0	32.0	36.0
59	35.10265221857314	36.0	36.0	36.0	32.0	36.0
60	35.10605378638822	36.0	36.0	36.0	32.0	36.0
61	35.063435570331166	36.0	36.0	36.0	32.0	36.0
62	35.08266398490196	36.0	36.0	36.0	32.0	36.0
63	35.081698102708025	36.0	36.0	36.0	32.0	36.0
64	35.07167567279535	36.0	36.0	36.0	32.0	36.0
65	35.05918319090962	36.0	36.0	36.0	32.0	36.0
66	35.05811857642136	36.0	36.0	36.0	32.0	36.0
67	35.06564138457833	36.0	36.0	36.0	32.0	36.0
68	35.10347600087373	36.0	36.0	36.0	32.0	36.0
69	35.28684883705819	36.0	36.0	36.0	32.0	36.0
70	35.25734930976535	36.0	36.0	36.0	32.0	36.0
>>END_MODULE
>>Per sequence quality scores	pass
#Quality	Count
31	320.0
32	54226.0
33	1116265.0
34	6651937.0
35	2.2175015E7
36	2575985.0
>>END_MODULE
>>Per base sequence content	fail
#Base	G	A	T	C
1	25.50139762854431	28.495250224198948	25.118991526550765	20.884360620705973
2	20.391598780711387	21.94098143081355	40.798427617233365	16.8689921712417
3	22.394954366319773	20.91595047643888	32.250719198785475	24.43837595845587
4	22.488815226298183	19.966658426902548	33.878876941026256	23.665649405773017
5	24.607496810007863	31.097017143989692	26.11869226715943	18.176793778843013
6	29.6417563001961	23.63452925343439	22.23782476612762	24.485889680241893
7	27.117926374330644	21.36480272396041	27.29214949412637	24.225121407582574
8	26.13156260630688	23.061537393665493	28.287707468890815	22.519192531136813
9	25.54499101546435	23.445932595782345	28.107870792148326	22.90120559660497
10	26.34181220667712	22.920394234055856	27.391203332892694	23.346590226374335
11	26.882626463494468	23.09860996038896	27.052950738122	22.96581283799457
12	26.57432048936603	23.518269442596328	27.06980249364089	22.83760757439675
13	26.377643125378142	23.5401741304071	26.923162173416458	23.1590205707983
14	26.886934901762427	23.69053488148843	26.614061713946928	22.808468502802214
15	26.365148568736835	23.8324154570626	27.019138481594258	22.783297492606316
16	26.4115023725252	23.57845886372492	26.92673347960252	23.08330528414736
17	26.57692555650724	23.851570438728174	26.666863144193016	22.904640860571565
18	26.37550950538452	23.663939439821295	27.09215101682496	22.868400037969224
19	26.24129793849016	23.587544288349758	26.83099061339182	23.340167159768264
20	26.57043108979756	23.686007016632136	26.45000281975543	23.293559073814873
21	26.20049141418929	23.89962603009344	26.91377755040992	22.98610500530734
22	26.240805939801586	23.571343402054932	26.878024598213262	23.309826059930224
23	26.50865608681058	23.609660129148256	26.68970077294811	23.19198301109305
24	26.384743635647332	23.686035777841514	26.87516019423869	23.05406039227246
25	26.367299967172947	23.554565009895548	26.75070081756959	23.32743420536192
26	26.625230219963385	23.71831799843426	26.375194447281597	23.281257334320753
27	26.168907178196964	23.679254240924212	26.93292145141345	23.21891712946537
28	26.22118000573468	23.25940159158881	26.81393355506614	23.705484847610375
29	26.785560568590387	23.58138830078749	26.25146175994239	23.381589370679727
30	26.35064254371551	23.616022318839253	26.803934101880913	23.229401035564326
31	26.31747681921224	23.52620095044653	26.585097284800746	23.571224945540493
32	26.749640507746737	23.48143227116829	26.402418882461077	23.3665083386239
33	26.407836365516296	23.718016808175634	26.652254618392423	23.221892207915644
34	26.496225457553578	23.423763470909602	26.569613070602504	23.510398000934316
35	26.642014675395835	23.652029256482468	26.31346131222903	23.392494755892667
36	26.33387898856506	23.582025513726084	26.658192954668124	23.425902543040728
37	26.18565002494735	23.491642444725812	26.712177476076597	23.61053005425024
38	26.610336411293012	23.52709379250784	26.35297295512169	23.509596841077457
39	26.167723596592758	23.693969620904394	26.836744641181042	23.301562141321806
40	26.08882590345522	23.37798279662914	26.840433107066385	23.692758192849254
41	26.378449607376574	23.61785604251407	26.465075747871815	23.53861860223754
42	26.096781288847303	23.781175533642543	26.731915274232538	23.390127903277612
43	26.144741774299092	23.465127392621344	26.76682962598777	23.6233012070918
44	26.50348997365134	23.46807699039717	26.41844481939862	23.60998821655288
45	26.046083263691095	23.758004484216684	26.884919099115884	23.310993152976337
46	26.000203663322985	23.565871868676407	26.636753974045018	23.797170493955587
47	26.311224604776218	23.67407697286333	26.510681081051573	23.504017341308884
48	26.154742499823996	23.779607807019183	26.812809107556255	23.252840585600563
49	25.92703963997592	23.5778738443458	26.83708046349802	23.658006052180266
50	26.382470329864972	23.703977335142028	26.325419878075053	23.58813245691795
51	25.97378798274522	23.698185888590654	26.917940634037148	23.410085494626983
52	25.921861754250802	23.506996333571433	26.729815904826914	23.84132600735085
53	26.179940053724703	23.677693908431642	26.56925911442105	23.573106923422603
54	25.842634266737846	23.740941546303233	26.950130893346564	23.466293293612356
55	25.83418570453084	23.541903370856552	26.819651949214734	23.804258975397875
56	26.162321271722366	23.78970001833504	26.415247045214464	23.63273166472813
57	25.69726215745324	23.891194121541666	26.93507931692811	23.47646440407698
58	25.636920823812424	23.516523830242285	27.06776483102937	23.778790514915922
59	26.131193602420705	23.67438398034929	26.505840010865136	23.688582406364866
60	25.870066993933598	23.77376794123026	26.84113031130086	23.51503475353528
61	25.806592847165323	23.464452459765866	26.855722323720542	23.873232369348266
62	26.22944064461607	23.75007364358418	26.468320444725435	23.55216526707432
63	25.986577647165443	23.802181948411715	26.826573154699453	23.38466724972339
64	25.937681403915203	23.668598921790636	26.6501823740911	23.74353730020307
65	26.21077101379473	23.86464544161694	26.452771930297274	23.471811614291056
66	25.87204602148663	23.897593814255146	26.71816971350648	23.512190450751746
67	25.93780172769144	23.978999968388333	26.813656742929755	23.26954156099048
68	26.749195423807247	24.7205511026295	26.72778783014536	21.80246564341789
69	28.57943949863343	26.482552780796663	27.28063299417713	17.657374726392778
70	36.41921131908401	32.843256247934214	30.73753243298178	0.0
>>END_MODULE
>>Per base GC content	fail
#Base	%GC
1	46.38575824925029
2	37.26059095195309
3	46.833330324775645
4	46.1544646320712
5	42.78429058885088
6	54.12764598043799
7	51.34304778191321
8	48.65075513744369
9	48.44619661206933
10	49.68840243305145
11	49.84843930148904
12	49.41192806376279
13	49.53666369617644
14	49.695403404564644
15	49.14844606134315
16	49.49480765667256
17	49.48156641707881
18	49.243909543353745
19	49.58146509825842
20	49.863990163612435
21	49.18659641949664
22	49.550631999731806
23	49.70063909790363
24	49.438804027919794
25	49.694734172534865
26	49.90648755428414
27	49.387824307662335
28	49.92666485334505
29	50.16714993927012
30	49.58004357927984
31	49.888701764752724
32	50.116148846370635
33	49.62972857343194
34	50.006623458487894
35	50.0345094312885
36	49.75978153160579
37	49.79618007919759
38	50.11993325237047
39	49.46928573791457
40	49.78158409630448
41	49.917068209614115
42	49.48690919212492
43	49.768042981390884
44	50.11347819020422
45	49.35707641666743
46	49.797374157278576
47	49.8152419460851
48	49.40758308542456
49	49.585045692156186
50	49.97060278678292
51	49.383873477372205
52	49.76318776160165
53	49.75304697714731
54	49.308927560350206
55	49.63844467992871
56	49.795052936450496
57	49.17372656153022
58	49.41571133872834
59	49.819776008785574
60	49.38510174746887
61	49.67982521651359
62	49.781605911690384
63	49.37124489688883
64	49.681218704118265
65	49.68258262808579
66	49.38423647223837
67	49.20734328868191
68	48.55166106722514
69	46.23681422502621
70	36.41921131908401
>>END_MODULE
>>Per sequence GC content	fail
#GC Content	Count
0	6848.0
1	3796.0
2	723.5
3	673.5
4	710.5
5	793.0
6	904.0
7	1122.5
8	1478.5
9	2022.5
10	2460.0
11	2854.5
12	3689.5
13	4798.5
14	6434.0
15	8788.5
16	11162.0
17	13688.0
18	18226.0
19	24652.5
20	31061.5
21	41002.5
22	57705.5
23	71928.5
24	92961.5
25	128552.5
26	168836.0
27	205941.5
28	263490.0
29	348311.5
30	421456.0
31	524451.5
32	655932.0
33	754398.5
34	882457.5
35	1038932.5
36	1201360.5
37	1336551.0
38	1435079.0
39	1542812.5
40	1624668.5
41	1666244.5
42	1684610.0
43	1698621.0
44	1696688.5
45	1664587.5
46	1627741.0
47	1609624.0
48	1576473.5
49	1530533.0
50	1504679.0
51	1473763.0
52	1430938.0
53	1406768.5
54	1381868.0
55	1337300.0
56	1277502.5
57	1226872.0
58	1182822.5
59	1118322.5
60	1056879.0
61	996055.0
62	913778.5
63	833364.5
64	748355.0
65	657312.5
66	571536.5
67	499427.0
68	441569.0
69	372394.5
70	315218.5
71	274936.0
72	229402.5
73	189077.5
74	158610.0
75	129857.0
76	104129.0
77	86800.5
78	72779.0
79	57071.5
80	46154.0
81	38690.5
82	30980.0
83	23985.0
84	19841.0
85	15903.5
86	11743.0
87	9332.5
88	7333.5
89	4967.5
90	3614.0
91	2593.5
92	1755.0
93	1261.5
94	807.5
95	512.0
96	381.0
97	329.0
98	449.0
99	295651.0
100	590744.0
>>END_MODULE
>>Per base N content	pass
#Base	N-Count
1	0.0
2	0.0
3	0.0
4	0.0
5	0.0
6	0.0
7	0.0
8	2.762961142819672E-5
9	0.0
10	6.139913650710382E-6
11	0.0
12	3.683948190426229E-5
13	0.0
14	2.762961142819672E-5
15	1.2279827301420763E-5
16	4.911930920568305E-5
17	1.4735792761704915E-4
18	0.0
19	3.069956825355191E-6
20	3.069956825355191E-6
21	1.2279827301420763E-5
22	0.0
23	6.75390501578142E-5
24	3.37695250789071E-5
25	2.148969777748634E-5
26	2.762961142819672E-5
27	3.37695250789071E-5
28	2.4559654602841526E-5
29	0.0
30	3.37695250789071E-5
31	1.8419740952131144E-5
32	8.595879110994535E-5
33	2.3331671872699452E-4
34	4.0216434412153E-4
35	1.350781003156284E-4
36	2.026171504734426E-4
37	4.329256132677352E-5
38	1.8693320683355523E-5
39	2.196989277279977E-5
40	4.7428767919181376E-5
41	1.7197807139459438E-4
42	3.3044361991810197E-4
43	4.5247903567667914E-5
44	1.6279050535447274E-4
45	5.9037341052618734E-5
46	4.625706039685254E-5
47	3.295524896891681E-4
48	6.372612844383545E-5
49	2.8052446719193687E-4
50	2.3843397654191163E-5
51	3.261334846501156E-4
52	2.7683164794765666E-5
53	2.4417460437609725E-5
54	2.4605327904132584E-5
55	7.083412136293349E-5
56	2.6763805243571864E-4
57	3.344206318974929E-4
58	1.4494474579463656E-5
59	3.8334508012185994E-4
60	7.356952879599641E-5
61	5.560871748947549E-5
62	4.483057014510423E-5
63	1.618971880566863E-4
64	1.4801683626992413E-4
65	3.2532557818392696E-4
66	6.183020498258707E-5
67	1.568817062517125E-5
68	1.5064278666355338E-4
69	9.056279934684297E-6
70	0.0
>>END_MODULE
>>Sequence Length Distribution	warn
#Length	Count
36	235629.0
37	241093.0
38	235241.0
39	235410.0
40	227023.0
41	229133.0
42	229559.0
43	226338.0
44	225144.0
45	223528.0
46	224912.0
47	225652.0
48	227649.0
49	229205.0
50	229055.0
51	230747.0
52	230420.0
53	218887.0
54	214143.0
55	212059.0
56	213632.0
57	212566.0
58	206258.0
59	205297.0
60	210980.0
61	206739.0
62	207383.0
63	211712.0
64	220682.0
65	250352.0
66	380402.0
67	935503.0
68	2477292.0
69	8003549.0
70	1.4080574E7
>>END_MODULE
>>Sequence Duplication Levels	fail
#Total Duplicate Percentage	58.06249710232277
#Duplication Level	Relative count
1	100.0
2	24.294953291692
3	13.5890774418219
4	9.253219833066165
5	7.115140124923995
6	5.529821458183627
7	4.710629594826156
8	3.9776684539273672
9	3.375158918799403
10++	49.25874744348018
>>END_MODULE
>>Overrepresented sequences	warn
#Sequence	Count	Percentage	Possible Source
GGGGGGGGGGGGGGGGGGGGGGGGGGGGGGGGGGGGGGGGGGGGGGGGGGGGGGGGGGGGGGGGGGGGGG	269238	0.826549035744981	No Hit
>>END_MODULE
>>Kmer Content	fail
#Sequence	Count	Obs/Exp Overall	Obs/Exp Max	Max Obs/Exp Position
GGGGG	35836330	14.594129	17.569141	66
TCTTC	6298465	2.993384	6.3200626	2
TTCTT	6892360	2.7741723	5.4970036	1
TCCAG	4745335	2.6688874	5.36429	2
CTTCA	4827455	2.620181	5.987751	1
TTCAG	3995820	1.9032991	5.210285	2
>>END_MODULE
