##FastQC	0.10.1
>>Basic Statistics	pass
#Measure	Value	
Filename	SRR13389815.fastq	
File type	Conventional base calls	
Encoding	Sanger / Illumina 1.9	
Total Sequences	43183590	
Filtered Sequences	0	
Sequence length	35-75	
%GC	51	
>>END_MODULE
>>Per base sequence quality	pass
#Base	Mean	Median	Lower Quartile	Upper Quartile	10th Percentile	90th Percentile
1	30.45996842782177	32.0	32.0	32.0	32.0	32.0
2	31.214258078126438	32.0	32.0	32.0	32.0	32.0
3	31.277532923964866	32.0	32.0	32.0	32.0	32.0
4	31.354585711841004	32.0	32.0	32.0	32.0	32.0
5	31.402076714789114	32.0	32.0	32.0	32.0	32.0
6	34.710868526678766	36.0	36.0	36.0	32.0	36.0
7	34.642669981814855	36.0	36.0	36.0	32.0	36.0
8	34.64381970095585	36.0	36.0	36.0	32.0	36.0
9	34.681229605968376	36.0	36.0	36.0	32.0	36.0
10	34.63814168761791	36.0	36.0	36.0	32.0	36.0
11	34.8124073056455	36.0	36.0	36.0	32.0	36.0
12	34.77183856182406	36.0	36.0	36.0	32.0	36.0
13	34.73070909574679	36.0	36.0	36.0	32.0	36.0
14	34.73090699499509	36.0	36.0	36.0	32.0	36.0
15	34.716329096307184	36.0	36.0	36.0	32.0	36.0
16	34.72837651987711	36.0	36.0	36.0	32.0	36.0
17	34.73587302491525	36.0	36.0	36.0	32.0	36.0
18	34.71360055984229	36.0	36.0	36.0	32.0	36.0
19	34.71010346754404	36.0	36.0	36.0	32.0	36.0
20	34.698900832469	36.0	36.0	36.0	32.0	36.0
21	34.693165621477974	36.0	36.0	36.0	32.0	36.0
22	34.63408382674993	36.0	36.0	36.0	32.0	36.0
23	34.60066055184388	36.0	36.0	36.0	32.0	36.0
24	34.587319743448845	36.0	36.0	36.0	32.0	36.0
25	34.55525052456269	36.0	36.0	36.0	32.0	36.0
26	34.47766938783922	36.0	36.0	36.0	32.0	36.0
27	34.44069110511655	36.0	36.0	36.0	32.0	36.0
28	34.4040784937056	36.0	36.0	36.0	32.0	36.0
29	34.40681895599694	36.0	36.0	36.0	32.0	36.0
30	34.35748616546239	36.0	36.0	36.0	32.0	36.0
31	34.32209306822337	36.0	36.0	36.0	32.0	36.0
32	34.239986555077984	36.0	36.0	36.0	32.0	36.0
33	34.26371529092417	36.0	36.0	36.0	32.0	36.0
34	34.22090210656409	36.0	36.0	36.0	32.0	36.0
35	34.18370211925409	36.0	36.0	36.0	32.0	36.0
36	34.16597372017519	36.0	36.0	36.0	32.0	36.0
37	34.15470249847285	36.0	36.0	36.0	32.0	36.0
38	34.121719712568584	36.0	36.0	36.0	32.0	36.0
39	34.08850083309744	36.0	36.0	36.0	32.0	36.0
40	34.0570821896748	36.0	36.0	36.0	32.0	36.0
41	34.00058983299373	36.0	36.0	36.0	32.0	36.0
42	33.939626692244396	36.0	36.0	36.0	32.0	36.0
43	33.801926606190804	36.0	36.0	36.0	32.0	36.0
44	33.714054494388606	36.0	36.0	36.0	27.0	36.0
45	33.61920520285459	36.0	36.0	36.0	27.0	36.0
46	33.62056987323682	36.0	36.0	36.0	27.0	36.0
47	33.76079832802234	36.0	36.0	36.0	27.0	36.0
48	33.52564213302435	36.0	36.0	36.0	27.0	36.0
49	33.4585944535592	36.0	36.0	36.0	27.0	36.0
50	33.558248437307256	36.0	36.0	36.0	27.0	36.0
51	33.44799473240679	36.0	36.0	36.0	27.0	36.0
52	33.38345508111661	36.0	36.0	36.0	27.0	36.0
53	33.386692738830206	36.0	36.0	36.0	27.0	36.0
54	33.36740012933733	36.0	36.0	36.0	27.0	36.0
55	33.19881585867093	36.0	36.0	36.0	21.0	36.0
56	33.16266459227717	36.0	36.0	36.0	21.0	36.0
57	33.10544400227302	36.0	36.0	36.0	21.0	36.0
58	33.15620137923056	36.0	36.0	36.0	21.0	36.0
59	33.05369708158168	36.0	36.0	36.0	21.0	36.0
60	33.012844476771015	36.0	36.0	36.0	21.0	36.0
61	33.10090265914788	36.0	36.0	36.0	21.0	36.0
62	32.985011012494105	36.0	32.0	36.0	21.0	36.0
63	32.9163808575016	36.0	32.0	36.0	21.0	36.0
64	32.94886922208975	36.0	32.0	36.0	21.0	36.0
65	32.934045137470065	36.0	32.0	36.0	21.0	36.0
66	32.819369282293685	36.0	32.0	36.0	14.0	36.0
67	32.85851161123232	36.0	32.0	36.0	14.0	36.0
68	32.90708792689768	36.0	32.0	36.0	21.0	36.0
69	32.91975943665212	36.0	32.0	36.0	21.0	36.0
70	32.90509871212255	36.0	32.0	36.0	21.0	36.0
71	32.88261008014961	36.0	32.0	36.0	21.0	36.0
72	32.76943154058645	36.0	32.0	36.0	14.0	36.0
73	32.66547798386806	36.0	32.0	36.0	14.0	36.0
74	32.54851335927411	36.0	32.0	36.0	14.0	36.0
75	30.351460240988164	36.0	27.0	36.0	14.0	36.0
>>END_MODULE
>>Per sequence quality scores	pass
#Quality	Count
2	107.0
3	0.0
4	0.0
5	0.0
6	0.0
7	0.0
8	0.0
9	0.0
10	0.0
11	1.0
12	3.0
13	12.0
14	19.0
15	89.0
16	876.0
17	4097.0
18	10566.0
19	18589.0
20	28984.0
21	47152.0
22	78999.0
23	132118.0
24	216087.0
25	344924.0
26	546223.0
27	829147.0
28	1027363.0
29	1245197.0
30	1613217.0
31	2140261.0
32	2942099.0
33	4470343.0
34	8770637.0
35	1.871648E7
>>END_MODULE
>>Per base sequence content	fail
#Base	G	A	T	C
1	45.4798582267388	9.775370436119411	9.64478419141392	35.09998714572787
2	27.16150625363293	13.549607868941626	31.924948762988258	27.363937114437185
3	25.645014418408657	15.401155774506265	24.27988369680648	34.6739461102786
4	28.326596686309298	23.096255090868027	21.496633050471118	27.080515172351554
5	30.965255859514617	26.41612303481866	22.554007512548257	20.06461359311846
6	29.162500612794034	28.24840063940383	22.717250451452923	19.871848296349214
7	22.00731469483367	23.396883016592245	37.62847938875148	16.9673228998226
8	24.14049603178141	23.064626352626536	29.393465089418562	23.40141252617349
9	25.06986525380549	20.385504800527553	32.1290688849716	22.415561060695357
10	24.9769570462855	32.56612487695816	24.5144839289596	17.94243414779674
11	31.121915293400487	23.433628547285082	21.437161518444448	24.007294640869983
12	27.70015677756727	21.46574867969168	25.942287551946375	24.891806990794674
13	27.06983921136663	23.858741944804194	26.286840404624336	22.784578439204843
14	26.36264547547707	23.362959090768992	26.195678852290765	24.078716581463176
15	27.186487604281822	24.001689535762072	25.631459359671503	23.1803635002846
16	27.485677217300235	22.954573385054047	25.276306516615744	24.28344288102997
17	28.825541825113767	23.115351264819193	25.428964734054915	22.63014217601213
18	27.28365422746532	23.201271097982833	26.49112844218363	23.023946232368218
19	27.73239668385737	22.99624629134335	24.90754438983141	24.363812634967868
20	27.244974859360532	23.374257482053086	26.586581698348084	22.794185960238302
21	28.65224891563742	23.000394086306336	25.192165125172767	23.155191872883478
22	27.19037361741816	24.765789477462484	24.933445117654436	23.110391787464916
23	27.23576994788839	24.571023336986276	25.337925615423014	22.85528109970232
24	26.909071002445245	23.273550156534736	25.24209657853138	24.575282262488635
25	27.24313196184148	23.241753007252456	26.00414770125528	23.51096732965078
26	27.001252774129703	23.48686460570475	25.0289955416395	24.48288707852605
27	27.116528457005707	23.075957428667195	25.044481185906836	24.76303292842027
28	27.35435866868412	24.462225303671755	24.860204700260333	23.323211327383788
29	28.802051957626436	22.97318770983683	24.980074315427856	23.24468601710888
30	27.348757651683957	22.954482203612727	26.29871427579636	23.39804586890696
31	27.406132677352957	22.95246562194534	24.559067794249305	25.082333906452398
32	27.016222539023797	24.42812804648199	25.185803415352794	23.369845999141422
33	27.179912855079884	22.510608282287293	25.08674661743769	25.22273224519513
34	27.466837961728018	23.074941180232948	24.354369676327966	25.103851181711068
35	27.21671977627872	23.10642577135299	24.960367522251456	24.716486930116837
36	27.13830456231849	24.398439813552745	24.742422048802304	23.720833575326463
37	27.642381177084996	24.101453805823798	24.535263833615694	23.72090118347551
38	28.63958088222796	23.053216576617903	24.71413567472938	23.59306686642476
39	27.467814021174824	22.67453348969533	26.068316106489032	23.789336382640816
40	27.522081972758745	22.911894697918168	24.452950364238152	25.11307296508494
41	27.438309009192412	22.844613429878823	26.051996352334108	23.665081208594657
42	27.209191886862943	24.14352136332693	24.97446966975462	23.672817080055506
43	27.625488266392225	22.7128240305962	25.79741667080025	23.864271032211327
44	27.384601240902402	23.098175697941024	24.850155465947434	24.667067595209144
45	28.136370968813896	22.6566260532008	25.369402128426525	23.837600849558783
46	28.434426345864424	22.798752642920082	24.528748386829644	24.238072624385858
47	28.592626512690178	22.959508838976788	24.800230262124177	23.647634386208857
48	27.950915633770574	22.67543351299378	25.571510235018284	23.80214061821736
49	27.808757981895134	23.281929074182838	24.97731599720201	23.931996946720023
50	27.413677747300486	23.029299203049526	26.168116108225792	23.388906941424196
51	28.409545397652145	22.767801286180262	24.887332151461326	23.935321164706266
52	28.531744714876268	22.751420516420183	24.523130664121283	24.193704104582263
53	27.838203454306292	22.80190350838881	24.675644973555976	24.68424806374892
54	28.557277371780515	22.817214341692164	24.67922737182567	23.946280914701653
55	28.722941648800326	22.79788055835516	24.515564035907534	23.96361375693698
56	28.382399164800514	22.866360185706	24.756420027511915	23.99482062198157
57	28.481166173768823	22.52655838059334	24.93666000664443	24.055615438993406
58	27.735808194579132	22.65096104921529	25.607198325918155	24.006032430287423
59	28.483119176016725	22.850367614791477	24.798185280448553	23.86832792874324
60	28.084959020857003	22.606676115182847	25.252191944674095	24.056172919286052
61	28.892419749724183	22.768772307182115	24.285167420236046	24.053640522857652
62	28.35474043367369	22.91424496274971	24.632455832694266	24.09855877088233
63	28.3604038814889	22.470922099667412	25.069413121681215	24.09926089716247
64	27.855071993886167	22.52073203916097	25.376374889273578	24.24782107767929
65	28.677255210717117	22.760363554684766	24.67513284853848	23.887248386059635
66	28.09973891837852	22.80671671153743	24.943006871645306	24.150537498438744
67	27.886511914748635	23.750863788270276	24.32997046589295	24.03265383108814
68	27.70939635023279	23.935190415779182	24.633658846901618	23.721754387086406
69	27.624163701170655	23.77677386850281	24.49679031506163	24.102272115264896
70	27.855786528256843	23.954341238774997	24.2570215812164	23.932850651751757
71	27.632206637953033	24.080053052620677	24.407940761990165	23.879799547436125
72	27.550134394698723	24.131755773907233	24.505607342128318	23.81250248926573
73	28.404343425224233	24.80782495959259	24.37282672337667	22.415004891806507
74	30.313404893877788	26.504713611846924	24.3211423799976	18.86073911427769
75	38.94384063923892	35.345911218202716	25.710248142558363	0.0
>>END_MODULE
>>Per base GC content	fail
#Base	%GC
1	80.57984537246666
2	54.525443368070114
3	60.318960528687256
4	55.407111858660855
5	51.02986945263308
6	49.03434890914325
7	38.97463759465627
8	47.541908557954905
9	47.48542631450084
10	42.91939119408224
11	55.12920993427047
12	52.591963768361936
13	49.85441765057147
14	50.44136205694024
15	50.36685110456642
16	51.76912009833021
17	51.45568400112589
18	50.30760045983354
19	52.09620931882524
20	50.03916081959884
21	51.8074407885209
22	50.30076540488307
23	50.09105104759072
24	51.48435326493388
25	50.75409929149226
26	51.48413985265575
27	51.87956138542597
28	50.67756999606791
29	52.046737974735315
30	50.74680352059091
31	52.48846658380535
32	50.38606853816522
33	52.402645100275016
34	52.57068914343909
35	51.93320670639555
36	50.859138137644955
37	51.36328236056051
38	52.23264774865272
39	51.25715040381564
40	52.63515493784367
41	51.10339021778707
42	50.88200896691845
43	51.48975929860355
44	52.051668836111546
45	51.973971818372675
46	52.67249897025028
47	52.24026089889904
48	51.75305625198794
49	51.740754928615154
50	50.802584688724686
51	52.34486656235842
52	52.725448819458535
53	52.52245151805521
54	52.50355828648217
55	52.68655540573731
56	52.37721978678208
57	52.536781612762226
58	51.741840624866555
59	52.35144710475998
60	52.14113194014305
61	52.94606027258184
62	52.453299204556025
63	52.45966477865137
64	52.10289307156546
65	52.56450359677676
66	52.250276416817265
67	51.91916574583678
68	51.4311507373192
69	51.726435816435554
70	51.7886371800086
71	51.51200618538916
72	51.36263688396444
73	50.81934831703073
74	49.17414400815548
75	38.94384063923892
>>END_MODULE
>>Per sequence GC content	warn
#GC Content	Count
0	1008.0
1	577.5
2	177.5
3	285.5
4	363.0
5	450.0
6	637.5
7	842.5
8	942.0
9	1102.5
10	1563.0
11	2133.0
12	2438.5
13	3175.5
14	4680.5
15	6693.0
16	8133.5
17	10684.0
18	16061.0
19	23407.5
20	28718.5
21	35955.5
22	51824.0
23	73254.0
24	88643.5
25	109786.0
26	145039.0
27	183400.5
28	210471.0
29	244445.0
30	306929.0
31	379202.0
32	431357.5
33	516445.5
34	680518.5
35	838851.0
36	930561.0
37	1027923.0
38	1163463.0
39	1338370.5
40	1484623.0
41	1582234.5
42	1686360.0
43	1795887.5
44	1878869.0
45	1920875.5
46	1940055.5
47	1932502.5
48	1934427.0
49	1920091.5
50	1867503.0
51	1825921.5
52	1815965.0
53	1802386.5
54	1768618.0
55	1719929.5
56	1697449.5
57	1653322.0
58	1582399.5
59	1521341.5
60	1469249.0
61	1387699.5
62	1268353.0
63	1144705.0
64	1047284.0
65	963858.5
66	828762.5
67	688865.5
68	603481.0
69	538644.0
70	450943.5
71	360724.5
72	301177.0
73	262882.5
74	213526.5
75	163502.5
76	132404.5
77	112983.0
78	88918.5
79	65972.5
80	52459.0
81	45431.5
82	36242.5
83	26753.5
84	21013.5
85	17589.0
86	14030.0
87	10672.0
88	9185.0
89	8435.0
90	7725.0
91	8001.0
92	8284.0
93	9521.0
94	12720.5
95	20027.0
96	25379.5
97	44096.0
98	452246.5
99	461947.5
100	82215.0
>>END_MODULE
>>Per base N content	pass
#Base	N-Count
1	0.05289509278871905
2	0.0010443782001450087
3	5.85870697642322E-4
4	3.2188152953471446E-4
5	2.477793069080176E-4
6	5.534509752431421E-4
7	2.477793069080176E-4
8	2.477793069080176E-4
9	2.477793069080176E-4
10	2.477793069080176E-4
11	2.477793069080176E-4
12	2.686205570217761E-4
13	2.940931960497031E-4
14	2.5241069582218617E-4
15	3.0104027942095597E-4
16	2.7093625147886036E-4
17	3.3577569627722014E-4
18	3.172501406205459E-4
19	3.797738909618214E-4
20	2.8251472376428173E-4
21	3.6124833530514714E-4
22	0.0010003800054604074
23	2.8251472376428173E-4
24	4.724016692451924E-4
25	3.5198555747681E-4
26	5.256626417581308E-4
27	3.797738909618214E-4
28	0.0010420625056879245
29	0.001463518896877263
30	0.0014172050077355773
31	0.0013685754241368076
32	0.0013523655629372176
33	8.104930599794969E-4
34	9.332248662049635E-4
35	0.0013245772294522063
36	9.841729019037355E-4
37	0.0016950934847530393
38	0.0012759518120009359
39	0.0016742535283908937
40	0.0015769942429521037
41	0.0016835168876195743
42	0.0010513297874496003
43	0.0011925879754202755
44	6.76186038416352E-4
45	0.0011231175074312748
46	0.0012389031904373902
47	0.002920106804122107
48	0.0022161323225052846
49	0.002128135871309424
50	0.0016325750643541408
51	8.892328696871606E-4
52	0.0029108499070380598
53	0.002461604242073559
54	0.0037120915674571796
55	0.0011485950898949336
56	0.0026121301441972256
57	0.0024616110825389777
58	0.0010814425090688912
59	0.001273649942639438
60	0.00192205626488566
61	0.0039274845554448734
62	0.0028367795766691207
63	0.002276376675267341
64	0.003607959074350542
65	0.0035663231548695054
66	0.0031079352325751076
67	0.004106133238349571
68	0.004984063734131883
69	0.005105121847839156
70	0.00795927225326789
71	0.004110926531850238
72	0.003779810045541231
73	0.004487519105409482
74	0.003433837513278148
75	0.00676419413244166
>>END_MODULE
>>Sequence Length Distribution	warn
#Length	Count
35	121.0
36	10.0
37	10.0
38	25.0
39	7.0
40	7.0
41	5.0
42	8.0
43	15.0
44	11.0
45	13.0
46	6.0
47	10.0
48	9.0
49	20.0
50	24.0
51	25.0
52	43.0
53	19.0
54	12.0
55	43.0
56	46.0
57	38.0
58	83.0
59	61.0
60	63.0
61	86.0
62	110.0
63	352.0
64	579.0
65	1936.0
66	483.0
67	1692.0
68	5289.0
69	15117.0
70	52574.0
71	218885.0
72	1036349.0
73	2971618.0
74	1.0330409E7
75	2.8547377E7
>>END_MODULE
>>Sequence Duplication Levels	fail
#Total Duplicate Percentage	64.48747233603825
#Duplication Level	Relative count
1	100.0
2	27.360438487817696
3	16.05911576629
4	11.29006019196356
5	8.526986272227854
6	6.683685600230256
7	5.673812115979026
8	4.673949769118144
9	4.209683272640813
10++	65.80070328240167
>>END_MODULE
>>Overrepresented sequences	fail
#Sequence	Count	Percentage	Possible Source
TGGGGGGGGGGGGGGGGGGGGGGGGGGGGGGGGGGGGGGGGGGGGGGGGGGGGGGGGGGGGGGGGGGGGGGGGGG	647725	1.499933192214913	No Hit
GGGGGGGGGGGGGGGGGGGGGGGGGGGGGGGGGGGGGGGGGGGGGGGGGGGGGGGGGGGGGGGGGGGGGGGGGGG	69852	0.1617558892162509	No Hit
AGGGGGGGGGGGGGGGGGGGGGGGGGGGGGGGGGGGGGGGGGGGGGGGGGGGGGGGGGGGGGGGGGGGGGGGGGG	43554	0.1008577563838486	No Hit
>>END_MODULE
>>Kmer Content	fail
#Sequence	Count	Obs/Exp Overall	Obs/Exp Max	Max Obs/Exp Position
GGGGG	77604790	14.747148	20.804953	71
AAAAA	9535280	4.712907	22.693304	68
TTTTT	10929690	3.589049	7.852718	5
CTCCA	7917945	3.3545935	19.84382	24
CTTCT	8925145	3.289119	5.838932	5
TCTTC	8453985	3.115486	6.626447	7
TTCTT	8941680	3.1105492	6.2621183	6
CTCCT	7565190	2.953456	7.456186	1
TCCAG	7581170	2.7177334	16.962324	25
CTTCA	6642120	2.6563652	5.3758183	6
CCCAG	5840005	2.21784	6.6106963	1
CACAC	4499200	2.068614	20.589514	12
CCCCA	4569950	2.0510924	5.689673	1
GGCAG	7394055	2.0104167	6.5315237	1
CTCTG	5960615	1.9689964	5.1799016	1
GAAGA	5778820	1.9486787	16.161133	6
TAAAA	4259530	1.9399936	5.060656	66
GCCAG	5840895	1.8768932	6.6835337	1
CTCAG	5217380	1.8703508	5.018972	1
GGAAG	6585690	1.8343201	13.076842	5
AAAAG	4317435	1.762601	7.570832	71
AAGAG	5122450	1.7273437	15.855031	7
GCACA	4406415	1.7142446	17.527405	11
GAAAA	4197455	1.713619	7.8883	66
CTGAA	4631475	1.7008278	16.379868	19
CCCAA	3554770	1.63439	19.848396	33
AGCAC	4167805	1.6214173	17.754814	10
TCTGA	4752110	1.6080916	15.267231	18
CCAAG	4083935	1.5887889	16.989141	34
TGGGG	7494205	1.5887498	13.740082	1
CCAGT	4415735	1.5829734	15.887752	26
TCACC	3660780	1.5509616	18.536285	30
AGAGC	4694260	1.5452465	15.116865	8
CACCC	3389590	1.5213212	19.389267	31
ACTCC	3585410	1.5190295	18.557531	23
GAGCA	4596930	1.5132074	15.112227	9
GTCCT	4325845	1.4289756	6.2164645	1
GTCCA	3972150	1.423955	7.355771	1
AGTCA	3869490	1.4210023	16.006065	28
ACCCA	3008715	1.3833282	19.614761	32
GGAAA	4046235	1.3644328	5.832281	65
CAGTC	3736530	1.3394889	15.640422	27
GTCAC	3587795	1.2861696	15.599904	29
AACTC	2879835	1.2498716	18.771921	22
CAAGT	3398595	1.2480744	15.764533	35
GTCAG	4085980	1.239396	5.641377	1
GTCTG	4384895	1.2256215	12.356872	17
GAACT	3314605	1.2172306	15.940162	21
AAGTC	3192300	1.1723162	15.750452	36
AGTCT	3374135	1.1417912	14.568326	37
TGAAC	2881325	1.0581161	15.825166	20
CACGT	2452500	0.8791837	15.304848	14
TCTAT	2326915	0.8784463	15.154302	39
ACACG	2165080	0.84228945	16.54105	13
TCGGA	2604860	0.7901294	13.055269	3
CGGAA	2289590	0.7536823	14.003646	4
CGTCT	2175920	0.71878123	14.0313	16
CTATC	1622160	0.6487461	14.745211	40
ACGTC	1716915	0.61548775	15.109724	15
ATCGG	2005010	0.6081776	12.552603	2
GTCTA	1767640	0.59816104	13.884248	38
GATCG	1735990	0.52657604	12.084553	1
TATCG	906260	0.3066741	8.658236	41
>>END_MODULE
