##FastQC	0.10.1
>>Basic Statistics	pass
#Measure	Value	
Filename	SRR13389820.fastq	
File type	Conventional base calls	
Encoding	Sanger / Illumina 1.9	
Total Sequences	37601540	
Filtered Sequences	0	
Sequence length	35-75	
%GC	52	
>>END_MODULE
>>Per base sequence quality	pass
#Base	Mean	Median	Lower Quartile	Upper Quartile	10th Percentile	90th Percentile
1	30.476312672300125	32.0	32.0	32.0	32.0	32.0
2	31.188392682852882	32.0	32.0	32.0	32.0	32.0
3	31.286582225089717	32.0	32.0	32.0	32.0	32.0
4	31.35479751627194	32.0	32.0	32.0	32.0	32.0
5	31.39042597723391	32.0	32.0	32.0	32.0	32.0
6	34.712352525986965	36.0	36.0	36.0	32.0	36.0
7	34.63572069122701	36.0	36.0	36.0	32.0	36.0
8	34.63715557926617	36.0	36.0	36.0	32.0	36.0
9	34.67512777402202	36.0	36.0	36.0	32.0	36.0
10	34.59841743183923	36.0	36.0	36.0	32.0	36.0
11	34.77179618175213	36.0	36.0	36.0	32.0	36.0
12	34.74952520561658	36.0	36.0	36.0	32.0	36.0
13	34.691409553970395	36.0	36.0	36.0	32.0	36.0
14	34.69532694671548	36.0	36.0	36.0	32.0	36.0
15	34.688261145687115	36.0	36.0	36.0	32.0	36.0
16	34.70141542075138	36.0	36.0	36.0	32.0	36.0
17	34.70417658425692	36.0	36.0	36.0	32.0	36.0
18	34.68461906081506	36.0	36.0	36.0	32.0	36.0
19	34.67952908311734	36.0	36.0	36.0	32.0	36.0
20	34.66093734458748	36.0	36.0	36.0	32.0	36.0
21	34.656547923303144	36.0	36.0	36.0	32.0	36.0
22	34.591390937711594	36.0	36.0	36.0	32.0	36.0
23	34.561717924319055	36.0	36.0	36.0	32.0	36.0
24	34.55160395026374	36.0	36.0	36.0	32.0	36.0
25	34.52294046999139	36.0	36.0	36.0	32.0	36.0
26	34.44251578525773	36.0	36.0	36.0	32.0	36.0
27	34.39856311736168	36.0	36.0	36.0	32.0	36.0
28	34.37891535825394	36.0	36.0	36.0	32.0	36.0
29	34.368127741576544	36.0	36.0	36.0	32.0	36.0
30	34.324565164086366	36.0	36.0	36.0	32.0	36.0
31	34.28441976046726	36.0	36.0	36.0	32.0	36.0
32	34.22040666419514	36.0	36.0	36.0	32.0	36.0
33	34.2288179420311	36.0	36.0	36.0	32.0	36.0
34	34.20340823806684	36.0	36.0	36.0	32.0	36.0
35	34.17503275131816	36.0	36.0	36.0	32.0	36.0
36	34.09982505979827	36.0	36.0	36.0	32.0	36.0
37	34.12787593913026	36.0	36.0	36.0	32.0	36.0
38	34.08359124036964	36.0	36.0	36.0	32.0	36.0
39	34.07857914770404	36.0	36.0	36.0	32.0	36.0
40	34.06165943545774	36.0	36.0	36.0	32.0	36.0
41	34.023185728049654	36.0	36.0	36.0	32.0	36.0
42	33.797482633472974	36.0	36.0	36.0	32.0	36.0
43	33.7152905375506	36.0	36.0	36.0	27.0	36.0
44	33.54420909912712	36.0	36.0	36.0	27.0	36.0
45	33.49819313576958	36.0	36.0	36.0	27.0	36.0
46	33.4837965648916	36.0	36.0	36.0	27.0	36.0
47	33.71053693901986	36.0	36.0	36.0	27.0	36.0
48	33.386023568334075	36.0	36.0	36.0	21.0	36.0
49	33.31486343460194	36.0	36.0	36.0	21.0	36.0
50	33.46989957731742	36.0	36.0	36.0	27.0	36.0
51	33.32112005304078	36.0	36.0	36.0	21.0	36.0
52	33.24266084416133	36.0	36.0	36.0	21.0	36.0
53	33.27835537766994	36.0	36.0	36.0	21.0	36.0
54	33.26576780099576	36.0	36.0	36.0	21.0	36.0
55	33.06569090763303	36.0	36.0	36.0	21.0	36.0
56	33.025957153030475	36.0	36.0	36.0	21.0	36.0
57	32.967551066748555	36.0	36.0	36.0	14.0	36.0
58	33.0506422108918	36.0	36.0	36.0	21.0	36.0
59	32.90448500203346	36.0	36.0	36.0	14.0	36.0
60	32.8652030020862	36.0	32.0	36.0	14.0	36.0
61	32.99778135340607	36.0	36.0	36.0	21.0	36.0
62	32.853217237819955	36.0	32.0	36.0	21.0	36.0
63	32.77160995131998	36.0	32.0	36.0	14.0	36.0
64	32.819415997946614	36.0	32.0	36.0	14.0	36.0
65	32.79648079091459	36.0	32.0	36.0	14.0	36.0
66	32.659846791314614	36.0	32.0	36.0	14.0	36.0
67	32.716500332122955	36.0	32.0	36.0	14.0	36.0
68	32.80488487684512	36.0	32.0	36.0	14.0	36.0
69	32.85318397548682	36.0	32.0	36.0	14.0	36.0
70	32.849768837630656	36.0	32.0	36.0	21.0	36.0
71	32.83052454474895	36.0	32.0	36.0	14.0	36.0
72	32.67227840198998	36.0	32.0	36.0	14.0	36.0
73	32.53324979384411	36.0	32.0	36.0	14.0	36.0
74	32.384245509585014	36.0	32.0	36.0	14.0	36.0
75	30.05937386086288	36.0	27.0	36.0	14.0	36.0
>>END_MODULE
>>Per sequence quality scores	pass
#Quality	Count
2	106.0
3	0.0
4	0.0
5	0.0
6	0.0
7	0.0
8	0.0
9	0.0
10	0.0
11	0.0
12	4.0
13	9.0
14	13.0
15	112.0
16	1304.0
17	5957.0
18	14308.0
19	21752.0
20	27906.0
21	39233.0
22	62331.0
23	108578.0
24	184667.0
25	309043.0
26	517791.0
27	816120.0
28	949995.0
29	1102455.0
30	1434205.0
31	1913737.0
32	2636840.0
33	3983636.0
34	7660532.0
35	1.5810906E7
>>END_MODULE
>>Per base sequence content	fail
#Base	G	A	T	C
1	58.80343618273181	9.346034833905586	7.267339211011987	24.583189772350618
2	27.09644053858157	12.890319968507335	31.594213983629967	28.419025509281127
3	24.265384675938968	17.076334995970356	27.601574115286194	31.056706212804492
4	27.62979111495293	23.752977914465365	22.42932237707432	26.187908593507387
5	30.184497499576544	27.42494826859116	22.73700168485609	19.653552546976204
6	28.84535134766689	27.349547357609843	23.09931856908097	20.705782725642297
7	21.495922203392563	22.686267763085844	38.26834370199818	17.54946633152342
8	23.270040711745196	22.174327181245268	29.737155769112423	24.818476337897113
9	25.415485483878086	18.73491048240341	31.64143686647695	24.208167167241548
10	25.535244214356297	30.96807690898172	24.835143255440737	18.661535621221255
11	32.59880992836603	21.440977490379755	20.568220882214224	25.39199169903999
12	27.862381697628834	19.694467414172063	25.347971538204817	27.095179349994282
13	26.86168242915391	23.611186869214063	26.364929714727413	23.16220098690461
14	26.30986626733438	21.795243234606428	26.282050838805777	25.61283965925342
15	26.92401367161061	23.520857801601228	25.681754801719997	23.873373725068163
16	27.439439527609377	21.542458072864473	25.321697922929726	25.696404476596417
17	29.292167957762004	21.85834221199069	25.382149273886196	23.467340556361112
18	26.973385072163637	21.947031942971723	27.34446949166836	23.73511349319628
19	27.56848442541867	21.99574983864961	24.88510267012427	25.55066306580745
20	27.012880710013594	22.17316201959495	27.343293754775917	23.470663515615538
21	29.155380954389493	21.937145495040102	25.167992513465865	23.739481037104547
22	27.246837836581406	24.25326231991378	24.915401537122957	23.584498306381857
23	27.013516110094233	24.04746894565831	25.25844432757535	23.68057061667211
24	26.85569768079826	21.86012877252815	25.13617133302925	26.14800221364434
25	27.25176431628477	21.897529168666704	26.87440595618359	23.97630055886493
26	26.802148732162067	22.15897328754489	25.162316041110877	25.876561939182164
27	26.81017169104813	21.862621630515775	25.19875202446038	26.128454653975712
28	27.123120130434327	23.971918302702797	24.93710962958416	23.96785193727872
29	29.012264925236092	21.948903276759165	25.168084125930495	23.87074767207425
30	26.835711042067395	21.84744411547839	27.239639397648595	24.077205444805617
31	27.23620700238153	21.920361449615378	24.70111461822488	26.142316929778207
32	26.79088274875374	24.121947134253034	25.113509003568048	23.973661113425177
33	26.76233549744636	21.59854302677252	25.16757957982237	26.47154189595875
34	29.44866060974634	21.80859125766196	24.600046429397675	24.142701703194025
35	29.101025498721818	21.827244482876022	25.05666202370776	24.0150679946944
36	26.923084185559205	23.882275080386727	24.913610778636606	24.281029955417463
37	27.36217523407455	21.761726200299012	24.61502680732172	26.261071758304727
38	27.022495868118067	21.940136813196386	26.987315863806998	24.050051454878545
39	27.074941197871954	21.684030714338146	27.008109959713494	24.23291812807641
40	29.45187720755431	21.857173627832683	24.570938368010374	24.120010796602628
41	29.129510726404963	21.86682812438748	24.89595822552745	24.10770292368011
42	26.90908995166768	23.863260707994264	24.926013790192293	24.301635550145757
43	27.422713971550156	21.75333788464162	26.583524175345758	24.240423968462466
44	27.323330457266444	21.85587083192923	24.923205078019087	25.897593632785238
45	28.489693141939153	21.63594868053148	25.452917593671543	24.42144058385782
46	28.709095646410397	21.800508429900948	24.514954539467013	24.975441384221643
47	29.032933251769684	21.85980280947784	24.78586283971767	24.32140109903481
48	28.057686283321747	21.644169924315594	25.879847122168464	24.41829667019419
49	27.763016449249346	22.608821691200916	25.173447161606894	24.454714697942848
50	27.1027189813276	21.921794599909056	26.830675638219425	24.14481078054392
51	28.582222753887386	21.67867496511125	25.188852981396053	24.550249299605312
52	28.794282348789118	21.729165023827758	24.491442898155334	24.98510972922779
53	27.408050212893688	21.803290900694925	24.83761864922982	25.951040237181573
54	28.842330108541738	21.620920349793785	24.86849408314798	24.6682554585165
55	29.01669951442969	21.68727876429221	24.865565124340392	24.43045659693771
56	28.696158230748708	21.731765298119882	24.8154476723726	24.756628798758815
57	28.542445419794642	21.544543548606296	25.25672357332427	24.65628745827479
58	27.66067687181754	21.56553535553403	26.30727897571902	24.46650879692941
59	28.809221255450723	21.80875690017053	24.857012615782974	24.525009228595778
60	28.14096370046203	21.61154791199226	25.691832383212958	24.55565600433275
61	29.37746198002038	21.630115020727775	24.429224898010098	24.563198101241753
62	28.65958983662673	21.801450935532486	24.683231362841784	24.855727864999
63	28.720137288055582	21.56689501466432	25.107176838159273	24.605790859120834
64	27.79057870733857	21.633991183555914	26.048553848694024	24.52687626041149
65	28.885137251204473	21.768764331562558	24.860675568731057	24.485422848501912
66	28.065300958746132	22.04759956521848	25.168433155000848	24.718666321034544
67	27.545928175739277	23.425923098586665	24.452314929435346	24.575833796238715
68	27.161117155982005	23.79527186025482	24.642777390081438	24.400833593681735
69	27.07442375314828	23.689461677259196	24.568477293420116	24.667637276172407
70	27.409933321400697	23.800340812080265	24.273240529356617	24.516485337162425
71	27.145597829232642	23.85562715006945	24.51238799226084	24.486387028437065
72	27.16455604579291	23.91268608555204	24.639408198392605	24.283349670262453
73	28.167183580594035	24.50586203248204	24.528878868325243	22.798075518598683
74	30.058010729822048	26.175045440970298	24.542756136259136	19.224187692948522
75	39.247406574431835	34.952732940777196	25.79986048479096	0.0
>>END_MODULE
>>Per base GC content	fail
#Base	%GC
1	83.38662595508242
2	55.5154660478627
3	55.32209088874346
4	53.81769970846032
5	49.83805004655275
6	49.551134073309186
7	39.04538853491598
8	48.08851704964231
9	49.623652651119635
10	44.19677983557755
11	57.99080162740602
12	54.957561047623116
13	50.023883416058524
14	51.922705926587795
15	50.79738739667877
16	53.1358440042058
17	52.75950851412311
18	50.70849856535992
19	53.11914749122613
20	50.48354422562913
21	52.89486199149403
22	50.831336142963266
23	50.69408672676634
24	53.003699894442605
25	51.228064875149705
26	52.678710671344234
27	52.93862634502384
28	51.09097206771305
29	52.88301259731034
30	50.912916486873016
31	53.37852393215974
32	50.764543862178925
33	53.233877393405116
34	53.59136231294036
35	53.116093493416216
36	51.204114140976664
37	53.62324699237927
38	51.072547322996606
39	51.30785932594836
40	53.57188800415694
41	53.23721365008507
42	51.210725501813435
43	51.663137940012625
44	53.22092409005168
45	52.91113372579698
46	53.68453703063204
47	53.354334350804486
48	52.475982953515945
49	52.21773114719219
50	51.24752976187151
51	53.132472053492705
52	53.779392078016905
53	53.35909045007525
54	53.510585567058236
55	53.4471561113674
56	53.45278702950752
57	53.198732878069436
58	52.127185668746954
59	53.33423048404649
60	52.69661970479478
61	53.94066008126212
62	53.51531770162573
63	53.32592814717641
64	52.317454967750066
65	53.37056009970639
66	52.783967279780676
67	52.12176197197799
68	51.561950749663744
69	51.74206102932069
70	51.92641865856312
71	51.63198485766971
72	51.44790571605535
73	50.965259099192714
74	49.28219842277057
75	39.247406574431835
>>END_MODULE
>>Per sequence GC content	pass
#GC Content	Count
0	562.0
1	347.0
2	141.5
3	163.0
4	175.0
5	198.0
6	265.5
7	359.5
8	409.0
9	491.0
10	694.5
11	995.0
12	1190.5
13	1574.0
14	2695.0
15	4200.5
16	5113.5
17	6600.5
18	10005.0
19	14277.5
20	17311.0
21	22465.5
22	32950.0
23	46620.0
24	56481.0
25	69978.5
26	93407.5
27	119985.0
28	139911.5
29	166815.5
30	213999.5
31	270413.0
32	312014.0
33	368058.5
34	475181.5
35	598907.0
36	682758.5
37	782409.5
38	923025.0
39	1082751.0
40	1204061.5
41	1280046.5
42	1380231.5
43	1486750.0
44	1561236.0
45	1607010.0
46	1644793.5
47	1668126.5
48	1683338.5
49	1689124.5
50	1700345.0
51	1690444.5
52	1676770.5
53	1685456.0
54	1675105.0
55	1639093.5
56	1615576.0
57	1557993.0
58	1478486.0
59	1410240.0
60	1352062.0
61	1276774.0
62	1168109.5
63	1057668.0
64	977705.0
65	908409.5
66	784168.5
67	656561.0
68	578599.0
69	513857.0
70	432962.5
71	348220.5
72	288401.5
73	251900.0
74	205142.5
75	158554.0
76	129714.5
77	111282.0
78	87899.0
79	66064.5
80	53776.5
81	47110.5
82	37645.0
83	27859.5
84	22269.0
85	18864.5
86	15234.0
87	11649.0
88	10013.0
89	9354.0
90	8529.5
91	8539.0
92	8751.5
93	9944.5
94	12142.0
95	16779.5
96	20417.0
97	32576.5
98	295276.0
99	316896.5
100	87974.0
>>END_MODULE
>>Per base N content	pass
#Base	N-Count
1	0.04996869809055693
2	0.0010691051483529663
3	6.06358143841981E-4
4	3.7498464158648823E-4
5	2.8988174420515754E-4
6	5.930608161261481E-4
7	2.819033475756578E-4
8	2.819033475756578E-4
9	2.819033475756578E-4
10	2.819033475756578E-4
11	2.819033475756578E-4
12	3.1115746855049024E-4
13	3.5902784832748876E-4
14	2.819033475756578E-4
15	3.138169340936568E-4
16	3.0849800300732365E-4
17	3.5636838278432217E-4
18	3.271142618094897E-4
19	3.82963038215988E-4
20	3.164763996368234E-4
21	4.3083341799298646E-4
22	0.0010212347685759678
23	3.0583853746415706E-4
24	5.239147120038168E-4
25	3.909414348454877E-4
26	5.42530970805983E-4
27	4.3083341799298646E-4
28	0.0010478294240076336
29	0.0015345116184071184
30	0.0015025980318891193
31	0.0013403706337559579
32	0.0014839817730869535
33	7.978396629499749E-4
34	9.653859921694698E-4
35	0.00137760315136029
36	9.973027614382647E-4
37	0.001803123728355634
38	0.0013270781059132792
39	0.0018483366632204275
40	0.0017260011245336141
41	0.0016010057507488292
42	0.001148894675559324
43	0.001178149094794541
44	5.957234027518645E-4
45	0.0010531542088230866
46	0.0012233614051337617
47	0.0032605247865174053
48	0.0021781161821532767
49	0.00209833232046912
50	0.001702070350503624
51	8.324190243118216E-4
52	0.0031116007523691053
53	0.002577045961734405
54	0.004069022428531411
55	0.001119646457668654
56	0.002507904086577849
57	0.002425462118350743
58	0.0011276282647896692
59	0.0011808207895946496
60	0.002050481798064563
61	0.004098311498322206
62	0.003087703217945253
63	0.002300492757570084
64	0.003938796998844132
65	0.0037686358644559177
66	0.0031517634754977255
67	0.004377948099877433
68	0.005471339543512072
69	0.005668927755700764
70	0.008769053729948274
71	0.0043142097304429
72	0.004066319582985266
73	0.004686205080049816
74	0.0035141466850611334
75	0.007107662268974845
>>END_MODULE
>>Sequence Length Distribution	warn
#Length	Count
35	120.0
36	7.0
37	9.0
38	29.0
39	9.0
40	2.0
41	6.0
42	5.0
43	10.0
44	12.0
45	14.0
46	8.0
47	9.0
48	11.0
49	23.0
50	11.0
51	30.0
52	33.0
53	23.0
54	14.0
55	36.0
56	37.0
57	38.0
58	80.0
59	45.0
60	68.0
61	87.0
62	124.0
63	327.0
64	501.0
65	1813.0
66	477.0
67	1610.0
68	5029.0
69	15563.0
70	48169.0
71	196096.0
72	969010.0
73	2726568.0
74	9239270.0
75	2.4396207E7
>>END_MODULE
>>Sequence Duplication Levels	fail
#Total Duplicate Percentage	65.5176214994695
#Duplication Level	Relative count
1	100.0
2	27.173189120068198
3	15.56331086661161
4	11.27154540853025
5	8.94317606628127
6	7.304792604630098
7	6.0753389988544635
8	5.284119668593655
9	4.708687428403975
10++	80.07965474065588
>>END_MODULE
>>Overrepresented sequences	fail
#Sequence	Count	Percentage	Possible Source
TGGGGGGGGGGGGGGGGGGGGGGGGGGGGGGGGGGGGGGGGGGGGGGGGGGGGGGGGGGGGGGGGGGGGGGGGGG	438158	1.1652661034627836	No Hit
GGGGGGGGGGGGGGGGGGGGGGGGGGGGGGGGGGGGGGGGGGGGGGGGGGGGGGGGGGGGGGGGGGGGGGGGGGG	75529	0.20086677300982886	No Hit
>>END_MODULE
>>Kmer Content	fail
#Sequence	Count	Obs/Exp Overall	Obs/Exp Max	Max Obs/Exp Position
GGGGG	56587465	11.962144	16.810286	71
AAAAA	7956840	5.4573236	39.045246	68
CTCCA	7271845	3.435212	29.011293	24
CTTCT	8042780	3.1948016	5.634648	5
TTTTT	8790790	3.1864495	10.165619	2
TCTTC	8006240	3.180287	6.6691985	7
TTCTT	7960420	3.0206084	5.9788036	6
TCCAG	7311320	2.9620156	24.976118	25
CTTCA	6187425	2.7921555	6.2317576	6
CCACA	4240980	2.275973	5.3589	2
GAAGA	5287490	2.2647932	26.395721	6
CACAC	4050190	2.1735833	31.83916	12
GGAAG	6108245	2.0675943	20.623245	5
GGCAG	6405005	1.9978168	6.7328525	1
CTGAA	4518810	1.9866819	26.111889	19
AAAAT	3290200	1.9864124	6.0732613	71
GCACA	4253060	1.9574249	27.584797	11
AAGAG	4508785	1.9312499	26.044758	7
GAAAA	3525915	1.9110888	13.462045	66
TTTCA	4371305	1.8843497	5.0145187	6
TTCAG	4836050	1.8715574	5.1720243	7
GCCAG	5123815	1.8635755	8.889424	1
AAAAG	3400325	1.8430176	12.232902	71
TCTGA	4743000	1.8355469	23.060402	18
CTTGG	5965220	1.8243525	18.377363	37
TAAAA	2999920	1.8111597	7.4824233	66
AGCAC	3909655	1.7993764	27.852459	10
GAGCA	4438805	1.7519928	24.03571	9
AGAGC	4354965	1.7189014	23.89866	8
GGCCA	4703220	1.7106014	5.014603	1
CCAGT	4210605	1.7058312	23.773525	26
ACTCC	3392190	1.6024668	27.456238	23
TGGGG	6635635	1.5624615	10.2744875	1
GCCTC	4184970	1.5623244	5.0008216	1
TGGAA	4109920	1.5496026	7.286098	64
GGAAA	3600380	1.5421524	9.451595	65
AGTCA	3465730	1.5236986	25.554125	28
GCCCA	3590510	1.5227444	5.757092	1
GTCCA	3752080	1.5200703	9.597851	1
GCCAC	3548965	1.5051249	6.943448	1
AACTC	2896305	1.4847932	29.697605	22
CAGTC	3640320	1.4747933	23.639057	27
GGGCA	4691155	1.4632415	5.0834928	1
GAACT	3284635	1.4440807	25.550789	21
TGAAA	3017450	1.4396505	5.7836375	64
GTCAC	3495780	1.416236	23.537823	29
AAAGG	3284280	1.4067572	5.1883073	71
GTCTG	4573420	1.3986961	18.095737	17
ACTTG	3575930	1.3838892	22.241402	36
GTCCT	3873740	1.3814337	6.1493025	1
GCCTG	4300090	1.3766992	5.0308256	1
TGGAT	3984005	1.322254	18.265917	39
TTGGA	3935635	1.3062004	18.910429	38
TGAAC	2899040	1.2745548	25.453445	20
GGGTG	5301460	1.2483097	6.864572	61
GTCAG	3558685	1.2364136	7.1840734	1
GATCT	3138080	1.2144408	5.5540237	41
GCCAT	2994040	1.2129675	5.5346556	1
GTGGG	5072415	1.1943775	5.0012717	57
GTTCA	3081635	1.1925964	5.2696915	1
GACTT	3029015	1.1722325	22.064268	35
GCCAA	2488025	1.1450865	5.356231	1
GGGGT	4830295	1.1373667	5.519302	54
GGACT	3213195	1.1163781	19.859735	34
GGATC	3183680	1.1061237	16.386402	40
GTGGA	3465395	1.0325465	5.196324	63
CACGG	2808685	1.0215427	20.92261	31
CACGT	2518455	1.020295	23.276917	14
ACACG	2209230	1.0167742	26.3868	13
CGGAA	2316845	0.9144569	22.55552	4
GGCGG	3614915	0.8910544	5.2048507	51
CGGGG	3533690	0.87103295	5.549411	53
TCACG	2134195	0.86462075	22.994997	30
TCGGA	2419405	0.84058726	19.900928	3
CGTCT	2338070	0.8337908	20.421873	16
GATCG	2294540	0.7972048	19.038923	1
ATCGG	2262390	0.78603476	19.513588	2
ACGTC	1862645	0.75460845	23.076029	15
GCGGG	2883045	0.71065295	5.1999407	52
ACGGA	1769515	0.69842607	22.139597	32
CGGAC	1708895	0.6215398	20.413439	33
TGGCG	2208465	0.6063658	6.6539373	50
TCGGG	2081290	0.5714481	7.1943135	43
>>END_MODULE
