##FastQC	0.10.1
>>Basic Statistics	pass
#Measure	Value	
Filename	SRR13389818.fastq	
File type	Conventional base calls	
Encoding	Sanger / Illumina 1.9	
Total Sequences	40572929	
Filtered Sequences	0	
Sequence length	35-75	
%GC	50	
>>END_MODULE
>>Per base sequence quality	pass
#Base	Mean	Median	Lower Quartile	Upper Quartile	10th Percentile	90th Percentile
1	30.460610719033866	32.0	32.0	32.0	32.0	32.0
2	31.220106194452956	32.0	32.0	32.0	32.0	32.0
3	31.287586286905736	32.0	32.0	32.0	32.0	32.0
4	31.359587127663374	32.0	32.0	32.0	32.0	32.0
5	31.403781965063455	32.0	32.0	32.0	32.0	32.0
6	34.719854733682155	36.0	36.0	36.0	32.0	36.0
7	34.63543065870349	36.0	36.0	36.0	32.0	36.0
8	34.65362981311998	36.0	36.0	36.0	32.0	36.0
9	34.68393760775812	36.0	36.0	36.0	32.0	36.0
10	34.64675288786767	36.0	36.0	36.0	32.0	36.0
11	34.81217074567133	36.0	36.0	36.0	32.0	36.0
12	34.778835636934176	36.0	36.0	36.0	32.0	36.0
13	34.741373392095994	36.0	36.0	36.0	32.0	36.0
14	34.73180097498014	36.0	36.0	36.0	32.0	36.0
15	34.72986759225591	36.0	36.0	36.0	32.0	36.0
16	34.7352415695697	36.0	36.0	36.0	32.0	36.0
17	34.74059208296251	36.0	36.0	36.0	32.0	36.0
18	34.71924866454675	36.0	36.0	36.0	32.0	36.0
19	34.71467006978964	36.0	36.0	36.0	32.0	36.0
20	34.70305190438679	36.0	36.0	36.0	32.0	36.0
21	34.6969804176573	36.0	36.0	36.0	32.0	36.0
22	34.641433676134156	36.0	36.0	36.0	32.0	36.0
23	34.60904801819952	36.0	36.0	36.0	32.0	36.0
24	34.5896788471939	36.0	36.0	36.0	32.0	36.0
25	34.55579812835302	36.0	36.0	36.0	32.0	36.0
26	34.4828010075388	36.0	36.0	36.0	32.0	36.0
27	34.446249788867846	36.0	36.0	36.0	32.0	36.0
28	34.41098080446694	36.0	36.0	36.0	32.0	36.0
29	34.40798688702016	36.0	36.0	36.0	32.0	36.0
30	34.36049379131588	36.0	36.0	36.0	32.0	36.0
31	34.32212936857479	36.0	36.0	36.0	32.0	36.0
32	34.270617731344956	36.0	36.0	36.0	32.0	36.0
33	34.273723693943815	36.0	36.0	36.0	32.0	36.0
34	34.24341030444216	36.0	36.0	36.0	32.0	36.0
35	34.217776069358955	36.0	36.0	36.0	32.0	36.0
36	34.19707035543975	36.0	36.0	36.0	32.0	36.0
37	34.183768785998375	36.0	36.0	36.0	32.0	36.0
38	34.1560455150909	36.0	36.0	36.0	32.0	36.0
39	34.12670599169015	36.0	36.0	36.0	32.0	36.0
40	34.09400126597148	36.0	36.0	36.0	32.0	36.0
41	34.03351701965776	36.0	36.0	36.0	32.0	36.0
42	33.94804610893844	36.0	36.0	36.0	32.0	36.0
43	33.90148417033109	36.0	36.0	36.0	32.0	36.0
44	33.79112190565488	36.0	36.0	36.0	27.0	36.0
45	33.81623490683365	36.0	36.0	36.0	27.0	36.0
46	33.856374924237926	36.0	36.0	36.0	32.0	36.0
47	33.86318355287771	36.0	36.0	36.0	32.0	36.0
48	33.77765399184852	36.0	36.0	36.0	27.0	36.0
49	33.6604861917311	36.0	36.0	36.0	27.0	36.0
50	33.72958315466228	36.0	36.0	36.0	27.0	36.0
51	33.68175414747591	36.0	36.0	36.0	27.0	36.0
52	33.57719681084805	36.0	36.0	36.0	27.0	36.0
53	33.585803369000566	36.0	36.0	36.0	27.0	36.0
54	33.5452023668184	36.0	36.0	36.0	27.0	36.0
55	33.40368555233189	36.0	36.0	36.0	27.0	36.0
56	33.3163896395194	36.0	36.0	36.0	27.0	36.0
57	33.261750172136246	36.0	36.0	36.0	27.0	36.0
58	33.35214794940726	36.0	36.0	36.0	27.0	36.0
59	33.18974789303719	36.0	36.0	36.0	27.0	36.0
60	33.167768867241726	36.0	36.0	36.0	27.0	36.0
61	33.26719962366399	36.0	36.0	36.0	27.0	36.0
62	33.114946620208244	36.0	36.0	36.0	27.0	36.0
63	33.04993051256794	36.0	36.0	36.0	21.0	36.0
64	33.14777522885863	36.0	36.0	36.0	27.0	36.0
65	33.10767320253448	36.0	36.0	36.0	27.0	36.0
66	32.963076381853384	36.0	32.0	36.0	21.0	36.0
67	33.04863975106639	36.0	36.0	36.0	21.0	36.0
68	33.04891839116486	36.0	36.0	36.0	21.0	36.0
69	33.01569911003459	36.0	36.0	36.0	21.0	36.0
70	32.97038161663098	36.0	32.0	36.0	21.0	36.0
71	32.93713279240108	36.0	32.0	36.0	21.0	36.0
72	32.80570478705356	36.0	32.0	36.0	14.0	36.0
73	32.73413789080301	36.0	32.0	36.0	14.0	36.0
74	32.646139396498874	36.0	32.0	36.0	14.0	36.0
75	30.46560354773547	36.0	27.0	36.0	14.0	36.0
>>END_MODULE
>>Per sequence quality scores	pass
#Quality	Count
2	81.0
3	0.0
4	0.0
5	0.0
6	0.0
7	0.0
8	0.0
9	0.0
10	1.0
11	0.0
12	4.0
13	12.0
14	14.0
15	117.0
16	1166.0
17	5159.0
18	12903.0
19	20770.0
20	29017.0
21	40927.0
22	62180.0
23	100530.0
24	165005.0
25	265832.0
26	413294.0
27	612625.0
28	871748.0
29	1193160.0
30	1585392.0
31	2082953.0
32	2833095.0
33	4289071.0
34	8375764.0
35	1.7612109E7
>>END_MODULE
>>Per base sequence content	fail
#Base	G	A	T	C
1	46.28927559699618	10.029886428906874	8.71096903010975	34.9698689439872
2	26.067023789902873	13.172578829099448	31.98317167600192	28.777225704995757
3	24.440902490413013	15.9828030211836	24.185649624373113	35.39064486403027
4	27.34967264539795	23.681162725136545	21.579931018848036	27.38923361061747
5	29.54758752172204	27.477446613180312	22.450059081392425	20.52490678370522
6	27.747484991952597	28.711038519391828	22.962268772971246	20.579207715684326
7	21.01832979533505	23.28432551740021	38.35781259427487	17.339532092989874
8	23.157104968327587	22.66978152482665	30.050885261986043	24.122228244859713
9	23.6334555562873	20.671999658490822	32.47051821454585	23.224026570676035
10	24.280166381221253	32.697283168290284	24.51313006175953	18.509420388728934
11	29.57689238758356	24.007524638523016	21.621059069901087	24.794523903992342
12	26.695675072076547	21.787827610185907	26.15391114617124	25.36258617156631
13	26.02942155827715	24.053069598243987	26.593089356291948	23.32441948718692
14	25.513785169060004	23.641503258719137	26.655100309337453	24.1896112628834
15	26.135923322678668	24.06524947692213	25.937573840977475	23.861253359421728
16	26.607849491838664	23.36884058137114	25.53590094734057	24.48740897944963
17	27.325158268562532	23.610253941506834	25.730533612561395	23.334054177369236
18	26.21425107463547	23.610636655645497	26.546576935677248	23.628535334041786
19	26.628994645084532	23.661009874197543	25.231603347423555	24.47839213329437
20	26.22238875949333	23.939629751760247	26.489311209794003	23.348670278952422
21	27.02667817125544	23.662142978758478	25.61325573914107	23.69792311084501
22	26.315590609589172	24.766412197334066	25.295750539441237	23.62224665363552
23	26.192598299749292	24.701169550862105	25.834262526359996	23.271969623028607
24	26.04163578078655	23.66424930508156	25.631853322625652	24.66226159150624
25	26.36181732168093	23.802590828940943	26.005684694324565	23.829907155053558
26	26.070031909585055	23.9707787209557	25.529639811063394	24.429549558395852
27	25.99969373571226	23.61851970732807	25.571115979890074	24.810670577069597
28	26.233224634952997	24.609815289981405	25.259087340284424	23.89787273478117
29	27.126238945931508	23.664577134126084	25.54796374835381	23.6612201715886
30	26.16677370168365	23.47915301616922	26.297490668038503	24.056582614108628
31	26.377180674812134	23.740773842959026	24.921401036536693	24.960644445692147
32	26.021893653461	24.645581083119147	25.634383889125406	23.698141374294448
33	26.117325967587245	23.26655735170708	25.555304812066602	25.060811868639064
34	27.408161319184437	23.66687622525783	24.938821371072184	23.986141084485553
35	26.153036168781334	23.76163745406735	25.474819759458438	24.610506617692874
36	26.109561921001873	23.535364658987596	26.224329442828378	24.130743977182153
37	26.51205654320598	23.51505810881156	25.91472329794618	24.05816205003628
38	27.194359638346288	23.749698439516308	25.278234219550622	23.77770770258678
39	26.24240687714395	23.36573862687575	26.230115171580454	24.16173932439985
40	26.44590828527281	23.593088947062405	24.987480315911593	24.973522451753187
41	26.292102208167684	24.579058022631315	25.311632870864457	23.81720689833654
42	26.102000491812493	24.391967410927627	25.48636975214637	24.01966234511351
43	26.539880809308897	23.481094094354432	25.95880203575366	24.020223060583014
44	26.33334803129873	23.772066943160947	25.431966753645924	24.462618271894403
45	26.202149879947683	23.369242551422754	26.36475831103734	24.06384925759222
46	26.508395235057385	23.515484392395283	24.962429361493736	25.01369101105359
47	27.166958924281648	23.676268214997755	25.336332054866478	23.82044080585412
48	26.155073189587757	23.390615206026112	26.264466844390995	24.189844759995133
49	26.522970578856874	24.36476872884141	24.982985135245283	24.12927555705643
50	26.35341691442776	23.708270927837106	26.333102418824954	23.605209738910176
51	27.135391107876284	23.4124012164947	25.311440240893358	24.14076743473566
52	26.517126466492257	23.555812868808257	25.093842613761268	24.833218050938214
53	26.408693589047193	23.614305258570294	25.341429736142018	24.635571416240495
54	27.1881200013379	23.346958260634615	25.30489464871456	24.160027089312923
55	26.69196415048342	23.464925485464157	25.612534075405563	24.23057628864686
56	26.369865630419593	23.630218172179536	25.34506829344929	24.654847903951573
57	26.44337629468327	23.19556981690549	25.95631032281622	24.404743565595027
58	26.479236981451375	23.412164764308603	25.89282785190728	24.21577040233274
59	26.57774335218867	23.544226572453976	25.358635648373962	24.519394426983393
60	26.457557954389728	23.308655126891843	26.026869560845086	24.206917357873348
61	27.45505181687821	23.52892155244895	24.878182290399458	24.137844340273382
62	26.439673006835594	23.636232194517458	25.226636631420558	24.697458167226387
63	26.46147961713872	23.263783244564166	26.009823632284068	24.26491350601304
64	26.5276457677184	23.373549319304633	25.7297207017016	24.36908421127537
65	27.20846578478944	23.61610992584526	25.165739275391275	24.009685013974032
66	26.302621539235776	24.08326042255238	25.30597015182911	24.308147886382727
67	26.60448922992982	24.39270397528153	24.744872748882816	24.257934045905834
68	26.471381006913	24.41571259833649	25.253132905973697	23.859773488776817
69	26.398044916352042	24.196482622604588	25.109059133129485	24.29641332791389
70	26.686825300956396	24.3630000475524	24.877949654830722	24.07222499666048
71	26.498961675464994	24.44060467844953	25.11723359458717	23.94320005149831
72	26.421873674415192	24.417635971704545	25.16120786164795	23.999282492232314
73	27.27506810739782	25.160784377894924	24.944225987459127	22.61992152724813
74	29.063772967460856	26.90326799145588	25.06025575433013	18.972703286753138
75	37.41554661616336	36.037899943923364	26.54655343991327	0.0
>>END_MODULE
>>Per base GC content	fail
#Base	%GC
1	81.25914454098337
2	54.844249494898634
3	59.83154735444328
4	54.73890625601542
5	50.07249430542726
6	48.32669270763692
7	38.357861888324926
8	47.2793332131873
9	46.85748212696333
10	42.78958676995019
11	54.371416291575905
12	52.05826124364285
13	49.353841045464065
14	49.70339643194341
15	49.99717668210039
16	51.0952584712883
17	50.659212445931765
18	49.842786408677256
19	51.1073867783789
20	49.57105903844575
21	50.724601282100444
22	49.9378372632247
23	49.464567922777896
24	50.703897372292786
25	50.19172447673449
26	50.4995814679809
27	50.81036431278185
28	50.13109736973417
29	50.78745911752011
30	50.22335631579228
31	51.33782512050428
32	49.72003502775545
33	51.17813783622631
34	51.39430240366999
35	50.76354278647421
36	50.240305898184026
37	50.57021859324227
38	50.972067340933066
39	50.404146201543796
40	51.419430737026005
41	50.10930910650422
42	50.121662836926006
43	50.560103869891904
44	50.79596630319313
45	50.26599913753991
46	51.52208624611097
47	50.98739973013576
48	50.34491794958289
49	50.6522461359133
50	49.95862665333794
51	51.27615854261195
52	51.35034451743047
53	51.04426500528769
54	51.34814709065083
55	50.92254043913028
56	51.024713534371166
57	50.848119860278295
58	50.695007383784116
59	51.097137779172066
60	50.66447531226307
61	51.59289615715159
62	51.13713117406199
63	50.726393123151766
64	50.89672997899377
65	51.21815079876346
66	50.61076942561851
67	50.86242327583565
68	50.33115449568981
69	50.69445824426593
70	50.75905029761687
71	50.442161726963306
72	50.421156166647506
73	49.894989634645945
74	48.03647625421399
75	37.41554661616336
>>END_MODULE
>>Per sequence GC content	warn
#GC Content	Count
0	172.0
1	102.0
2	44.0
3	73.0
4	90.0
5	112.5
6	176.0
7	251.0
8	287.5
9	366.0
10	547.0
11	806.5
12	972.5
13	1390.5
14	2508.5
15	4069.0
16	5122.5
17	7222.0
18	11971.0
19	18411.0
20	22942.0
21	30359.5
22	45850.0
23	66625.5
24	82084.0
25	102731.5
26	138960.0
27	179911.0
28	209907.5
29	250356.5
30	321318.5
31	402016.0
32	460401.0
33	546699.5
34	706356.0
35	868913.5
36	968907.5
37	1079321.0
38	1234821.0
39	1406838.5
40	1544958.0
41	1650025.5
42	1760962.0
43	1848182.0
44	1910222.5
45	1959237.0
46	1979577.5
47	1937283.0
48	1903798.5
49	1877490.5
50	1816109.0
51	1731084.0
52	1670673.5
53	1640766.0
54	1582569.0
55	1514184.5
56	1482604.5
57	1437232.5
58	1358075.5
59	1285701.0
60	1225102.5
61	1143799.0
62	1041644.5
63	937432.0
64	855006.5
65	782519.5
66	669210.0
67	552819.5
68	481905.0
69	429423.0
70	360825.5
71	292328.0
72	245732.0
73	213711.0
74	173467.5
75	133798.5
76	108523.0
77	92513.0
78	73769.0
79	55531.0
80	44141.0
81	38350.0
82	30986.5
83	23382.5
84	19029.5
85	16375.0
86	13388.5
87	10765.5
88	9674.0
89	8864.5
90	8261.5
91	8701.5
92	9007.0
93	10369.0
94	14128.0
95	22417.5
96	28315.5
97	47039.0
98	395987.0
99	400879.5
100	75548.0
>>END_MODULE
>>Per base N content	pass
#Base	N-Count
1	0.052776569322860574
2	9.365850811510306E-4
3	5.446981656167836E-4
4	2.637226412714744E-4
5	2.1442868963194648E-4
6	4.830807260673737E-4
7	1.9964050414008808E-4
8	1.9964050414008808E-4
9	1.9964050414008808E-4
10	1.9964050414008808E-4
11	2.045698993040409E-4
12	2.2428747995985207E-4
13	2.3414627028775766E-4
14	2.1196399204997008E-4
15	2.4154036303368685E-4
16	2.1196399204997008E-4
17	2.9822840741914393E-4
18	2.48934455779616E-4
19	2.7851082676333275E-4
20	2.3661096786973404E-4
21	3.278047784028607E-4
22	9.63696754552771E-4
23	2.1935808479589926E-4
24	4.4857495991970414E-4
25	3.0315780258309674E-4
26	4.1160449619005816E-4
27	3.154812904929787E-4
28	0.001020384798938228
29	0.0013235426015213248
30	0.0013235426015213248
31	0.0012594604643899384
32	0.0013112191136114427
33	6.334272785679338E-4
34	8.527853633638331E-4
35	0.0011855195369306465
36	9.513753535616438E-4
37	0.0016686040465940305
38	0.0013235458636616146
39	0.0018090933758123575
40	0.0016858587555000526
41	0.0017006471578612167
42	0.0010129943264430659
43	0.0011658065536517856
44	6.211063624681594E-4
45	0.0010770776217307828
46	0.0012323545012647777
47	0.00302419809517913
48	0.0022404209802780843
49	0.0020728214461747424
50	0.0016858627444494819
51	9.341259091799412E-4
52	0.003154833277289856
53	0.002533728036238029
54	0.004015023928704611
55	0.0010795465874755984
56	0.0025238734023129623
57	0.002479511251361513
58	0.0011066618975865009
59	0.0012200417515540497
60	0.0018707335905546831
61	0.003926328569272982
62	0.0029281141325650435
63	0.002319328671425193
64	0.003771084707657503
65	0.0037193684497583567
66	0.0029603850442925118
67	0.004077048124475287
68	0.005080469735153708
69	0.0055642714898044765
70	0.008345638052637102
71	0.004108633758041126
72	0.0040047418724272355
73	0.004718173846692329
74	0.0035327413013497015
75	0.006975859109064093
>>END_MODULE
>>Sequence Length Distribution	warn
#Length	Count
35	89.0
36	3.0
37	8.0
38	20.0
39	15.0
40	4.0
41	6.0
42	15.0
43	8.0
44	12.0
45	8.0
46	2.0
47	7.0
48	14.0
49	20.0
50	9.0
51	22.0
52	41.0
53	16.0
54	21.0
55	31.0
56	46.0
57	48.0
58	82.0
59	63.0
60	65.0
61	65.0
62	104.0
63	204.0
64	477.0
65	2357.0
66	480.0
67	1452.0
68	4752.0
69	14235.0
70	48047.0
71	197858.0
72	943775.0
73	2814589.0
74	9837471.0
75	2.6706388E7
>>END_MODULE
>>Sequence Duplication Levels	fail
#Total Duplicate Percentage	61.290482299192035
#Duplication Level	Relative count
1	100.0
2	27.650321515366457
3	15.702508168699636
4	10.640821404900057
5	8.007069849649415
6	6.011697810439657
7	4.979127664275166
8	4.0070233374806685
9	3.4814358306491937
10++	52.08083814928081
>>END_MODULE
>>Overrepresented sequences	fail
#Sequence	Count	Percentage	Possible Source
TGGGGGGGGGGGGGGGGGGGGGGGGGGGGGGGGGGGGGGGGGGGGGGGGGGGGGGGGGGGGGGGGGGGGGGGGGG	576820	1.4216868592356249	No Hit
GGGGGGGGGGGGGGGGGGGGGGGGGGGGGGGGGGGGGGGGGGGGGGGGGGGGGGGGGGGGGGGGGGGGGGGGGGG	64829	0.15978387954194778	No Hit
GATCGGAAGAGCACACGTCTGAACTCCAGTCACGCTTGTCAATCTCGTATGCCGTCTTCTGCTTGAAAAAAAAAG	43217	0.1065168354002739	TruSeq Adapter, Index 8 (97% over 38bp)
>>END_MODULE
>>Kmer Content	fail
#Sequence	Count	Obs/Exp Overall	Obs/Exp Max	Max Obs/Exp Position
GGGGG	68502590	17.405613	24.28672	71
AAAAA	9380235	4.417164	15.631936	67
CTTCT	8851715	3.2172217	7.665726	56
TTCTT	9043755	3.0890691	6.238321	6
TCTTC	8332810	3.028622	7.744878	55
CTCCA	7032385	2.936406	13.286332	24
CTCCT	6805045	2.631839	6.495185	1
CTTCA	6705805	2.6314166	5.4296393	6
TCCAG	7006070	2.6236677	12.098825	25
CCAGG	7255665	2.5930283	5.171069	2
CCACA	4967190	2.2392852	5.5038314	2
CCCAG	5544390	2.2093418	6.722195	1
CTGCT	6178640	2.1430988	5.91989	59
GGCAG	6265695	2.0082612	6.8912125	1
TTCTG	6070225	1.978697	6.23959	57
CACAC	4384350	1.976532	13.415118	12
GCCAG	5446905	1.9466141	7.5601	1
CTCTG	5500320	1.9078192	5.090568	1
CCCCA	4281855	1.9024804	5.716005	1
GGAAG	5747430	1.8691105	10.2154875	5
GAAGA	4939370	1.8172823	11.823409	6
AAAAG	4358730	1.8142631	6.518782	71
GAAAA	4291105	1.7861152	10.305882	65
TCTGC	5037805	1.747393	6.2363925	58
GGCCA	4876340	1.7427057	5.197742	1
CTGAA	4433765	1.6846802	11.205908	19
GCACA	4118395	1.6651276	12.1196165	11
TGGGG	6235180	1.6601053	15.365491	1
AAGAG	4402030	1.6195854	11.507512	7
AGCAC	3911650	1.5815376	12.4028635	10
CCAGT	4223155	1.5815079	10.935994	26
TCTGA	4488470	1.5796393	10.4506235	18
TGCTT	4736155	1.5438331	5.777603	60
GCCAC	3761030	1.4987043	5.659745	1
GCCCA	3729735	1.4862338	5.321527	1
CTTGA	4196915	1.4770316	6.1497254	62
TGAAA	3811965	1.4696167	9.346215	64
GAGCA	4052655	1.4695352	11.08211	9
GTCCA	3915635	1.4663465	8.047447	1
AGAGC	3992780	1.4478241	11.063063	8
ATCTC	3683765	1.4455417	9.721934	42
CTTGT	4433685	1.4452378	9.482626	35
TCAAT	3426850	1.3644078	10.934434	39
TGTCA	3861735	1.3590708	10.111347	37
AATCT	3358950	1.3373734	9.717709	41
GTCCT	3800645	1.3182768	6.089154	1
GTCTT	3990305	1.3007102	6.790493	54
AGTCA	3414870	1.2975347	10.840471	28
TTGAA	3594750	1.2836267	6.67907	63
ACTCC	3057320	1.2765986	11.885567	23
GCTTG	4099740	1.2753413	8.921516	34
CAGTC	3358205	1.2575972	10.740857	27
GTCTG	3903555	1.2143123	9.046885	17
GTCAC	3221910	1.2065569	10.671002	29
GTCAG	3578915	1.2020061	5.9901476	1
GAACT	3081830	1.1709906	10.790496	21
TTGTC	3565770	1.1623255	9.205312	36
AACTC	2719310	1.1520798	11.982537	22
CAATC	2580890	1.093436	10.26848	40
TGAAC	2750795	1.0452087	10.700864	20
ATGCC	2774210	1.0389	9.453288	49
GTCAA	2720430	1.033671	10.351393	38
CACGT	2327580	0.87164366	10.387029	14
TCTCG	2242235	0.77773273	8.088659	43
ACACG	1849250	0.74767894	11.026809	13
TCACG	1910800	0.7155658	10.224307	30
CGTCT	2054010	0.7124458	9.532276	16
CTCGT	2053960	0.7124284	8.035599	44
TCGGA	2048690	0.6880683	9.249712	3
CGGAA	1858190	0.6737993	9.88879	4
CACGC	1689645	0.67329377	10.699965	31
TGCCG	1866500	0.6178356	8.106297	50
CGCTT	1765685	0.61243856	9.284339	33
CCGTC	1654300	0.61057395	7.5924067	52
GCCGT	1649655	0.5460571	7.772362	51
ACGTC	1445450	0.5412992	10.18304	15
TATGC	1503125	0.5289988	8.425843	48
GTATG	1664345	0.52532	7.9139137	47
ACGCT	1354730	0.507326	9.915599	32
ATCGG	1441920	0.48427993	8.812465	2
GATCG	1344930	0.45170507	8.5148535	1
TCGTA	1239140	0.43609387	8.533219	45
CGTAT	946005	0.33293012	8.603342	46
>>END_MODULE
