##FastQC	0.10.1
>>Basic Statistics	pass
#Measure	Value	
Filename	SRR13389849.fastq	
File type	Conventional base calls	
Encoding	Sanger / Illumina 1.9	
Total Sequences	29162505	
Filtered Sequences	0	
Sequence length	36-70	
%GC	47	
>>END_MODULE
>>Per base sequence quality	pass
#Base	Mean	Median	Lower Quartile	Upper Quartile	10th Percentile	90th Percentile
1	35.82873844342247	36.0	36.0	36.0	36.0	36.0
2	35.4562119063503	36.0	36.0	36.0	36.0	36.0
3	35.49642220378531	36.0	36.0	36.0	36.0	36.0
4	35.54311867241857	36.0	36.0	36.0	36.0	36.0
5	35.49781395665427	36.0	36.0	36.0	36.0	36.0
6	35.618977313505816	36.0	36.0	36.0	36.0	36.0
7	35.623012117786175	36.0	36.0	36.0	36.0	36.0
8	35.59703238799273	36.0	36.0	36.0	36.0	36.0
9	35.58676725473343	36.0	36.0	36.0	36.0	36.0
10	35.59451346857892	36.0	36.0	36.0	36.0	36.0
11	35.59456480161769	36.0	36.0	36.0	36.0	36.0
12	35.59765740288771	36.0	36.0	36.0	36.0	36.0
13	35.59132879702892	36.0	36.0	36.0	36.0	36.0
14	35.58927393240052	36.0	36.0	36.0	36.0	36.0
15	35.5854916784412	36.0	36.0	36.0	36.0	36.0
16	35.594583730032795	36.0	36.0	36.0	36.0	36.0
17	35.56888401733664	36.0	36.0	36.0	36.0	36.0
18	35.5627939369406	36.0	36.0	36.0	36.0	36.0
19	35.5572850137531	36.0	36.0	36.0	36.0	36.0
20	35.54680528987479	36.0	36.0	36.0	36.0	36.0
21	35.53846142503876	36.0	36.0	36.0	36.0	36.0
22	35.5302028066519	36.0	36.0	36.0	36.0	36.0
23	35.51243725461856	36.0	36.0	36.0	36.0	36.0
24	35.522212409393504	36.0	36.0	36.0	36.0	36.0
25	35.50302712335583	36.0	36.0	36.0	36.0	36.0
26	35.48877142069929	36.0	36.0	36.0	36.0	36.0
27	35.47504633089647	36.0	36.0	36.0	36.0	36.0
28	35.4766835016402	36.0	36.0	36.0	36.0	36.0
29	35.46573005302528	36.0	36.0	36.0	36.0	36.0
30	35.46413214502664	36.0	36.0	36.0	36.0	36.0
31	35.464358943101765	36.0	36.0	36.0	36.0	36.0
32	35.4415997185427	36.0	36.0	36.0	36.0	36.0
33	35.410224636052355	36.0	36.0	36.0	36.0	36.0
34	35.38223156755567	36.0	36.0	36.0	36.0	36.0
35	35.34717686289295	36.0	36.0	36.0	36.0	36.0
36	35.34051718122294	36.0	36.0	36.0	36.0	36.0
37	35.33626083750208	36.0	36.0	36.0	36.0	36.0
38	35.32772968771127	36.0	36.0	36.0	36.0	36.0
39	35.31377677851824	36.0	36.0	36.0	36.0	36.0
40	35.31180530825083	36.0	36.0	36.0	36.0	36.0
41	35.30781034835258	36.0	36.0	36.0	36.0	36.0
42	35.30441078568542	36.0	36.0	36.0	36.0	36.0
43	35.294842705839116	36.0	36.0	36.0	36.0	36.0
44	35.25718162036922	36.0	36.0	36.0	36.0	36.0
45	35.26447206796412	36.0	36.0	36.0	36.0	36.0
46	35.26030474606072	36.0	36.0	36.0	36.0	36.0
47	35.224459534260205	36.0	36.0	36.0	36.0	36.0
48	35.2118058508576	36.0	36.0	36.0	36.0	36.0
49	35.19173722317473	36.0	36.0	36.0	32.0	36.0
50	35.15167125858222	36.0	36.0	36.0	32.0	36.0
51	35.12369840405229	36.0	36.0	36.0	32.0	36.0
52	35.11547188660873	36.0	36.0	36.0	32.0	36.0
53	35.127336801510864	36.0	36.0	36.0	32.0	36.0
54	35.083428126784085	36.0	36.0	36.0	32.0	36.0
55	35.09077789059486	36.0	36.0	36.0	32.0	36.0
56	35.100016332608774	36.0	36.0	36.0	32.0	36.0
57	35.06404494536185	36.0	36.0	36.0	32.0	36.0
58	35.04882667553492	36.0	36.0	36.0	32.0	36.0
59	35.071561591003615	36.0	36.0	36.0	32.0	36.0
60	35.0728471768824	36.0	36.0	36.0	32.0	36.0
61	35.02847134067159	36.0	36.0	36.0	32.0	36.0
62	35.04955394114396	36.0	36.0	36.0	32.0	36.0
63	35.0495821326875	36.0	36.0	36.0	32.0	36.0
64	35.0395231469975	36.0	36.0	36.0	32.0	36.0
65	35.029044293952644	36.0	36.0	36.0	32.0	36.0
66	35.024901066336405	36.0	36.0	36.0	32.0	36.0
67	35.03200658232601	36.0	36.0	36.0	32.0	36.0
68	35.07081648373914	36.0	36.0	36.0	32.0	36.0
69	35.25948641739363	36.0	36.0	36.0	32.0	36.0
70	35.23555947935978	36.0	36.0	36.0	32.0	36.0
>>END_MODULE
>>Per sequence quality scores	pass
#Quality	Count
31	243.0
32	50406.0
33	1052226.0
34	6232882.0
35	1.9774712E7
36	2052036.0
>>END_MODULE
>>Per base sequence content	fail
#Base	G	A	T	C
1	23.146873013823743	30.0730304203977	25.99040103036416	20.789695535414396
2	18.687129243526922	22.521436344374393	41.864592907913774	16.92684150418491
3	19.894134608806755	21.09335943534343	34.1072003245263	24.90530563132351
4	20.93218672401428	19.804718421822816	34.669902328349366	24.59319252581354
5	23.763140374943784	31.131355142502333	26.68367823683185	18.42182624572203
6	29.047730981957827	24.141612663246864	21.842235432107085	24.968420922688225
7	26.08190894437909	21.80283895364956	27.453224611534573	24.662027490436778
8	24.797074188242746	23.914835162480042	28.93830965481189	22.349780994465323
9	24.068858282236043	24.287992406687973	28.888584845506244	22.754564465569743
10	24.91233005616836	23.677610937579672	28.09448489383782	23.31557411241415
11	25.499568709889637	23.957849299982975	27.66908055395104	22.87350143617635
12	25.09589027003858	24.40885040720103	27.67994513501929	22.815314187741105
13	24.961377631996978	24.381334868180907	27.481072013532444	23.17621548628967
14	25.578155283975367	24.59887347083552	27.124785692197655	22.698185552991458
15	24.927519076638866	24.739822554999655	27.60118550874632	22.731472859615163
16	24.9875662220408	24.54258716400681	27.418664712375783	23.0511819015766
17	25.316186492791054	24.743854744475062	27.182003217355792	22.757955545378085
18	24.97684612484421	24.498975653840436	27.67949804037753	22.844680180937818
19	24.946924141118878	24.39966662671811	27.369339499470296	23.284069732692718
20	25.339107551913497	24.476678150706064	27.035326837343142	23.148887460037297
21	24.801345069728754	24.738895011858204	27.545197337827965	22.914562580585077
22	24.87866525869434	24.341187425428647	27.529322326734277	23.25082498914274
23	25.155763469547832	24.447946584526438	27.336013123161035	23.0602768227647
24	24.89260865837977	24.545615087869695	27.57649035576511	22.985285897985428
25	24.893079308041564	24.425122219447353	27.42827664689824	23.253521825612843
26	25.302509308961298	24.56243878480751	26.97177343320912	23.163278473022075
27	24.729529324238914	24.570259692448822	27.531580287229186	23.168630696083078
28	24.860300895338224	24.11709298301219	27.386953360889954	23.635652760759633
29	25.494192816913113	24.419737756401165	26.871876297042256	23.214193129643462
30	24.98265151510216	24.423381694203126	27.412296666447094	23.181670124247624
31	25.014438061590187	24.349563696557997	27.136481636589345	23.49951660526247
32	25.462937435482154	24.37849233082847	26.88793323144897	23.270637002240413
33	24.99505614324994	24.63058408491329	27.216450055387998	23.157909716448767
34	25.106078418543774	24.280665904314834	27.15613001239816	23.45712566474323
35	25.308515671364727	24.540792293324255	26.887271535453955	23.26342049985706
36	24.930473055490737	24.446874892305804	27.2796218834264	23.34303016877706
37	24.89052902290123	24.373428060330426	27.16875512465114	23.567287792117206
38	25.37462585096045	24.414000519411204	26.83663055962972	23.37474306999863
39	24.907839164724944	24.467124302475554	27.341773048484036	23.283263484315466
40	24.884773580124687	24.21227724596625	27.265778697377748	23.63717047653132
41	25.24662895323501	24.419135607463154	26.8849963111841	23.44923912811773
42	24.85606276474876	24.57537919496549	27.227550468702944	23.341007571582807
43	24.96474201428932	24.214134740237572	27.194913023558236	23.62621022191487
44	25.350319264263476	24.289644384841623	26.835382760756264	23.524653590138637
45	24.880841166827356	24.542609981067724	27.33777518121257	23.23877367089235
46	24.829275696564583	24.364978764718266	27.069123862295314	23.73662167642184
47	25.169699635546184	24.499392266619267	26.945326862314474	23.385581235520082
48	24.903977735242584	24.601313890315826	27.24720736286607	23.247501011575515
49	24.790387751024838	24.313102874139133	27.277206749311457	23.619302625524572
50	25.3114144177977	24.446369283814338	26.748413698131156	23.49380260025681
51	24.839027219142203	24.397859647744134	27.38050521374265	23.38260791937101
52	24.79542379764928	24.244780743083982	27.145857534202182	23.813937925064554
53	25.18633421780356	24.378061558173957	26.94338089007277	23.492223333949717
54	24.713855316651966	24.4695259522523	27.364356873912797	23.45226185718293
55	24.74393627769265	24.247152739323138	27.252886360135122	23.756024622849086
56	25.174445215975805	24.501611689252574	26.786734933982025	23.53720816078959
57	24.646873147855842	24.53855367392965	27.403240972573446	23.411332205641063
58	24.618270583537466	24.228909589069627	27.433936406987986	23.718883420404918
59	25.16316903157072	24.47339897050493	26.823199490664646	23.540232507259702
60	24.81539053922258	24.51503377024759	27.20799957316831	23.461576117361524
61	24.811852780042813	24.140650987526797	27.204367301441778	23.84312893098861
62	25.273896725858126	24.484963425547708	26.782670595363594	23.45846925323057
63	24.92917653869748	24.523325167490135	27.190864532621056	23.356633761191333
64	24.908879654696275	24.344055221128528	26.99927325786227	23.747791866312927
65	25.201942612327304	24.64559723103303	26.80398692506935	23.34847323157031
66	24.85508501197799	24.564058542052628	27.103945297169922	23.47691114879946
67	24.936875915782956	24.617853888927765	27.20671885171685	23.238551343572432
68	25.788136090422604	25.398736061147304	27.121405386903003	21.691722461527085
69	27.430189775605324	27.21608846987136	27.738132793070957	17.615588961452367
70	34.907410844553496	33.66828016294989	31.42430899249661	0.0
>>END_MODULE
>>Per base GC content	fail
#Base	%GC
1	43.93656854923814
2	35.61397074771183
3	44.79944024013026
4	45.52537924982782
5	42.18496662066581
6	54.01615190464605
7	50.74393643481587
8	47.146855182708066
9	46.823422747805786
10	48.22790416858251
11	48.373070146065984
12	47.91120445777968
13	48.137593118286645
14	48.276340836966824
15	47.658991936254026
16	48.0387481236174
17	48.07414203816914
18	47.82152630578203
19	48.23099387381159
20	48.487995011950794
21	47.715907650313824
22	48.129490247837076
23	48.21604029231253
24	47.8778945563652
25	48.14660113365441
26	48.46578778198337
27	47.89816002032199
28	48.49595365609785
29	48.708385946556575
30	48.16432163934978
31	48.51395466685266
32	48.73357443772257
33	48.15296585969871
34	48.563204083287005
35	48.571936171221786
36	48.27350322426779
37	48.45781681501844
38	48.74936892095908
39	48.19110264904041
40	48.52194405665601
41	48.69586808135274
42	48.197070336331564
43	48.590952236204195
44	48.87497285440212
45	48.11961483771971
46	48.56589737298642
47	48.555280871066266
48	48.1514787468181
49	48.409690376549406
50	48.805217018054506
51	48.221635138513214
52	48.609361722713835
53	48.67855755175327
54	48.1661171738349
55	48.49996090054174
56	48.7116533767654
57	48.0582053534969
58	48.33715400394239
59	48.70340153883043
60	48.2769666565841
61	48.65498171103142
62	48.73236597908869
63	48.28581029988881
64	48.6566715210092
65	48.55041584389762
66	48.33199616077745
67	48.17542725935539
68	47.47985855194969
69	45.04577873705769
70	34.907410844553496
>>END_MODULE
>>Per sequence GC content	warn
#GC Content	Count
0	26520.0
1	14112.0
2	1669.0
3	1529.5
4	1486.0
5	1598.0
6	1777.0
7	2069.5
8	2543.0
9	3259.0
10	3933.5
11	4586.5
12	5672.5
13	7047.5
14	9304.0
15	12525.5
16	15916.0
17	19581.5
18	25789.5
19	34449.0
20	42408.5
21	54408.0
22	75567.5
23	93683.5
24	119258.5
25	162659.5
26	211113.0
27	254059.0
28	315372.5
29	405029.0
30	481007.5
31	576779.5
32	697198.0
33	788413.5
34	900660.5
35	1037100.5
36	1173923.0
37	1283324.0
38	1360032.5
39	1436138.0
40	1491886.5
41	1521761.0
42	1527314.0
43	1525882.0
44	1518137.5
45	1483041.5
46	1430576.0
47	1398361.0
48	1369822.0
49	1328352.0
50	1300332.5
51	1267424.0
52	1225215.0
53	1203224.5
54	1179291.0
55	1139813.0
56	1088121.5
57	1044520.5
58	1008888.5
59	958014.5
60	909852.5
61	858847.0
62	789683.0
63	721667.5
64	651575.5
65	576566.5
66	501383.5
67	437561.0
68	388314.5
69	329283.0
70	278718.5
71	243276.0
72	203527.5
73	167116.0
74	138789.0
75	112013.0
76	88494.0
77	72795.0
78	59854.5
79	45172.5
80	35132.0
81	28875.5
82	22458.5
83	16549.5
84	13210.5
85	10304.5
86	7299.5
87	5537.0
88	4146.5
89	2714.5
90	1915.0
91	1289.0
92	843.5
93	589.0
94	357.5
95	229.5
96	167.0
97	143.5
98	209.5
99	99316.0
100	198367.0
>>END_MODULE
>>Per base N content	pass
#Base	N-Count
1	0.0
2	0.0
3	0.0
4	0.0
5	0.0
6	0.0
7	0.0
8	0.0
9	0.0
10	6.858121413095343E-6
11	0.0
12	1.7145303532738358E-5
13	0.0
14	3.7719667772024386E-5
15	1.3716242826190686E-5
16	3.086154635892904E-5
17	1.6459491391428822E-4
18	0.0
19	0.0
20	6.858121413095343E-6
21	6.858121413095343E-6
22	0.0
23	6.515215342440575E-5
24	1.7145303532738358E-5
25	6.858121413095343E-6
26	4.8006849891667406E-5
27	3.086154635892904E-5
28	2.0574364239286027E-5
29	3.4290607065476715E-6
30	5.4864971304762744E-5
31	1.0287182119643014E-5
32	1.1315900331607316E-4
33	1.7145303532738358E-4
34	4.0120010266607756E-4
35	1.6459491391428822E-4
36	2.4003424945833702E-4
37	3.454431659285813E-5
38	3.8284113015397694E-5
39	7.012894433672834E-6
40	2.8260593333276578E-5
41	1.1387967224718579E-4
42	3.872422190399039E-4
43	6.141558368413372E-5
44	2.038418213674423E-4
45	4.401232330381732E-5
46	4.0651926820027417E-5
47	3.873151747813727E-4
48	4.879130061618909E-5
49	3.329074010119704E-4
50	1.9067041280640116E-5
51	2.998803246827343E-4
52	3.101121485697686E-5
53	1.56342761336013E-5
54	2.3641721065281766E-5
55	9.928750492168161E-5
56	3.1224105009067E-4
57	3.510826744009238E-4
58	1.2204014510573253E-5
59	4.2641237619280665E-4
60	4.546036513269344E-5
61	5.0002281354086784E-5
62	1.1341814350041576E-4
63	2.2869108361839608E-4
64	1.1103111177160388E-4
65	4.0493901532272003E-4
66	6.526326002601393E-5
67	3.0923679255181096E-5
68	1.5596343868373098E-4
69	5.107865607356634E-6
70	0.0
>>END_MODULE
>>Sequence Length Distribution	warn
#Length	Count
36	214183.0
37	215777.0
38	213650.0
39	210926.0
40	208134.0
41	210314.0
42	209250.0
43	207989.0
44	207191.0
45	206103.0
46	207471.0
47	207423.0
48	210317.0
49	210516.0
50	212885.0
51	213257.0
52	212308.0
53	205948.0
54	199461.0
55	198702.0
56	200212.0
57	198413.0
58	192539.0
59	192634.0
60	197997.0
61	193190.0
62	193076.0
63	195779.0
64	203488.0
65	229537.0
66	347460.0
67	836394.0
68	2222332.0
69	7158862.0
70	1.2418787E7
>>END_MODULE
>>Sequence Duplication Levels	fail
#Total Duplicate Percentage	55.84653745573286
#Duplication Level	Relative count
1	100.0
2	23.75558898942595
3	12.850967345468415
4	8.756966370706278
5	6.618846814011146
6	5.3145726939458795
7	4.298489118687885
8	3.518679409209383
9	3.0747388273187686
10++	43.71596278951495
>>END_MODULE
>>Overrepresented sequences	warn
#Sequence	Count	Percentage	Possible Source
GGGGGGGGGGGGGGGGGGGGGGGGGGGGGGGGGGGGGGGGGGGGGGGGGGGGGGGGGGGGGGGGGGGGGG	96345	0.3303728537723354	No Hit
>>END_MODULE
>>Kmer Content	fail
#Sequence	Count	Obs/Exp Overall	Obs/Exp Max	Max Obs/Exp Position
GGGGG	13982755	8.181469	10.4842825	66
TCTTC	5533810	2.7820785	5.88961	2
TCCAG	4185985	2.6359804	5.8891373	2
TTCTT	6141275	2.5624788	5.09008	1
CTTCA	4334880	2.4579074	6.012812	1
TTCAG	3629780	1.8970615	5.6465907	2
>>END_MODULE
