##FastQC	0.10.1
>>Basic Statistics	pass
#Measure	Value	
Filename	SRR13389809.fastq	
File type	Conventional base calls	
Encoding	Sanger / Illumina 1.9	
Total Sequences	38091809	
Filtered Sequences	0	
Sequence length	35-75	
%GC	50	
>>END_MODULE
>>Per base sequence quality	pass
#Base	Mean	Median	Lower Quartile	Upper Quartile	10th Percentile	90th Percentile
1	30.500730642642885	32.0	32.0	32.0	32.0	32.0
2	31.22525774504435	32.0	32.0	32.0	32.0	32.0
3	31.28594367886282	32.0	32.0	32.0	32.0	32.0
4	31.35186730039521	32.0	32.0	32.0	32.0	32.0
5	31.39507950383769	32.0	32.0	32.0	32.0	32.0
6	34.69681471415548	36.0	36.0	36.0	32.0	36.0
7	34.604978408875255	36.0	36.0	36.0	32.0	36.0
8	34.609500535928866	36.0	36.0	36.0	32.0	36.0
9	34.66065972345918	36.0	36.0	36.0	32.0	36.0
10	34.61935929585282	36.0	36.0	36.0	32.0	36.0
11	34.78226843991578	36.0	36.0	36.0	32.0	36.0
12	34.75658785330988	36.0	36.0	36.0	32.0	36.0
13	34.706546727670506	36.0	36.0	36.0	32.0	36.0
14	34.70451138196141	36.0	36.0	36.0	32.0	36.0
15	34.70451101442833	36.0	36.0	36.0	32.0	36.0
16	34.70633644624229	36.0	36.0	36.0	32.0	36.0
17	34.715776165946856	36.0	36.0	36.0	32.0	36.0
18	34.692124939511274	36.0	36.0	36.0	32.0	36.0
19	34.68585663652782	36.0	36.0	36.0	32.0	36.0
20	34.67456242364336	36.0	36.0	36.0	32.0	36.0
21	34.67286554965137	36.0	36.0	36.0	32.0	36.0
22	34.62016624098897	36.0	36.0	36.0	32.0	36.0
23	34.58821315102152	36.0	36.0	36.0	32.0	36.0
24	34.56852406248283	36.0	36.0	36.0	32.0	36.0
25	34.54122331128983	36.0	36.0	36.0	32.0	36.0
26	34.46763591616245	36.0	36.0	36.0	32.0	36.0
27	34.43265143957852	36.0	36.0	36.0	32.0	36.0
28	34.39933860846567	36.0	36.0	36.0	32.0	36.0
29	34.39998124006135	36.0	36.0	36.0	32.0	36.0
30	34.35276135087204	36.0	36.0	36.0	32.0	36.0
31	34.32223922471101	36.0	36.0	36.0	32.0	36.0
32	34.27842166802842	36.0	36.0	36.0	32.0	36.0
33	34.26500526661782	36.0	36.0	36.0	32.0	36.0
34	34.23498243415008	36.0	36.0	36.0	32.0	36.0
35	34.21908486940066	36.0	36.0	36.0	32.0	36.0
36	34.19329870952492	36.0	36.0	36.0	32.0	36.0
37	34.17464873383568	36.0	36.0	36.0	32.0	36.0
38	34.128504832865374	36.0	36.0	36.0	32.0	36.0
39	34.119380395815114	36.0	36.0	36.0	32.0	36.0
40	34.09607288608009	36.0	36.0	36.0	32.0	36.0
41	34.06291733705614	36.0	36.0	36.0	32.0	36.0
42	33.971549227777054	36.0	36.0	36.0	32.0	36.0
43	33.90854765462723	36.0	36.0	36.0	32.0	36.0
44	33.82701576385803	36.0	36.0	36.0	32.0	36.0
45	33.83080327500973	36.0	36.0	36.0	32.0	36.0
46	33.867902267166514	36.0	36.0	36.0	32.0	36.0
47	33.871868406434814	36.0	36.0	36.0	32.0	36.0
48	33.786006834423596	36.0	36.0	36.0	27.0	36.0
49	33.710497665296764	36.0	36.0	36.0	27.0	36.0
50	33.74653568188914	36.0	36.0	36.0	27.0	36.0
51	33.709972226119994	36.0	36.0	36.0	27.0	36.0
52	33.618312660969245	36.0	36.0	36.0	27.0	36.0
53	33.606306979436845	36.0	36.0	36.0	27.0	36.0
54	33.56916501938138	36.0	36.0	36.0	27.0	36.0
55	33.44488741066826	36.0	36.0	36.0	27.0	36.0
56	33.36868677627229	36.0	36.0	36.0	27.0	36.0
57	33.31717215864075	36.0	36.0	36.0	27.0	36.0
58	33.38078058212758	36.0	36.0	36.0	27.0	36.0
59	33.24331363958508	36.0	36.0	36.0	27.0	36.0
60	33.22054145016339	36.0	36.0	36.0	27.0	36.0
61	33.29369788454251	36.0	36.0	36.0	27.0	36.0
62	33.16626137465243	36.0	36.0	36.0	27.0	36.0
63	33.10029217703619	36.0	36.0	36.0	27.0	36.0
64	33.17823958936557	36.0	36.0	36.0	27.0	36.0
65	33.14835196526968	36.0	36.0	36.0	27.0	36.0
66	33.02257152250407	36.0	32.0	36.0	21.0	36.0
67	33.09773231505526	36.0	36.0	36.0	27.0	36.0
68	33.087684562807695	36.0	36.0	36.0	27.0	36.0
69	33.05997533390029	36.0	36.0	36.0	21.0	36.0
70	33.016601630589584	36.0	32.0	36.0	21.0	36.0
71	32.981839831701784	36.0	32.0	36.0	21.0	36.0
72	32.87897673077446	36.0	32.0	36.0	21.0	36.0
73	32.82246813744097	36.0	32.0	36.0	14.0	36.0
74	32.742029343652796	36.0	32.0	36.0	14.0	36.0
75	30.486978209449454	36.0	27.0	36.0	14.0	36.0
>>END_MODULE
>>Per sequence quality scores	pass
#Quality	Count
2	87.0
3	0.0
4	0.0
5	0.0
6	0.0
7	0.0
8	0.0
9	0.0
10	0.0
11	0.0
12	2.0
13	14.0
14	9.0
15	103.0
16	953.0
17	4253.0
18	10458.0
19	16443.0
20	22110.0
21	31881.0
22	50342.0
23	84654.0
24	144085.0
25	238738.0
26	379924.0
27	571609.0
28	816798.0
29	1124883.0
30	1495885.0
31	1978212.0
32	2701971.0
33	4079712.0
34	7899913.0
35	1.643877E7
>>END_MODULE
>>Per base sequence content	fail
#Base	G	A	T	C
1	46.71406440964905	10.051287449920581	7.168439124352872	36.0662090160775
2	23.531962591816207	12.604521156203791	36.579656679395065	27.283859572584934
3	22.708013402645584	15.64845925021128	26.547360172787776	35.096167174355365
4	26.291535396808392	23.850066328102944	23.167056589786483	26.691341685302177
5	28.311797726335335	27.513427392792256	23.914461622776244	20.26031325809616
6	26.241225071519008	28.145982550860726	24.714873646359127	20.897918731261132
7	19.996586134908785	21.828012921022577	40.61974410083115	17.55565684323749
8	22.03778553251019	21.056585470197437	31.854674356806445	25.05095464048593
9	22.483559551337688	19.37793991040888	34.20085340326699	23.93764713498644
10	24.040680019664116	31.065353254442	25.82960938337206	19.06435734252182
11	29.36919995373273	22.64997891142858	22.402817599057347	25.578003535781345
12	26.480036562285164	20.53682230236389	27.22979022916561	25.75335090618534
13	25.58556771501116	22.859103013729314	27.782830641702112	23.77249862955742
14	24.985914918362447	22.6250423287517	27.882103305335036	24.50693944755082
15	25.70997153894642	22.871117103900556	27.19643697736486	24.222474379788164
16	26.149818304316785	22.350236064462734	26.725455305056634	24.774490326163846
17	26.58743784997129	22.761399229900395	26.910056722074017	23.741106198054297
18	25.777368228041926	22.705906224130683	27.413483311074327	24.103242236753065
19	26.2219270046334	22.82416385017221	26.293924357966063	24.65998478722833
20	25.758621877351562	23.04947554984676	27.435522443417078	23.756380129384603
21	26.492009619528968	22.711496196098267	26.669801734646608	24.126692449726157
22	25.940341613436036	23.73413148915521	26.294373575862483	24.03115332154627
23	25.75460111876299	23.638615999269554	26.781449109903534	23.82533377206392
24	25.67825920401625	22.723158724204833	26.565876725890874	25.03270534588804
25	25.992310869257263	22.84535430980593	26.766248661256633	24.396086159680173
26	25.63064621892645	23.149059838376093	26.611764334023718	24.608529608673734
27	25.67039917991521	22.76392127822379	26.557503870071752	25.008175671789246
28	25.910271882804985	23.45786058178044	26.274122572759044	24.357744962655527
29	26.45901703641928	22.9509830846058	26.605081966399712	23.984917912575213
30	25.77833047314444	22.720309912180227	27.16678637464448	24.334573240030856
31	25.985453846464235	22.863906980141163	26.080640918937227	25.069998254457378
32	25.60409594841867	23.662384849033767	26.65726294455689	24.076256257990668
33	25.616849600559576	22.546913175309435	26.592205334423618	25.24403188970737
34	26.063690215586583	23.470395774424148	26.01211699070377	24.4537970192855
35	25.76038073983905	22.8823045003018	27.23566203232905	24.121652727530098
36	25.706025343609618	22.73054047090706	26.347777544595573	25.21565664088775
37	26.04224089385827	22.77210263303322	26.05327235662971	25.132384116478807
38	25.81368798114462	23.63271955899103	26.450966441118496	24.102626018745855
39	25.88237295519348	22.63765480678075	26.317673192249778	25.16229904577599
40	26.11711700335452	22.798213930690594	26.64621285138106	24.438456214573833
41	26.494582274620843	22.902029708899285	26.354835638938862	24.248552377541007
42	25.751963673532767	23.36988286150344	26.39465745859907	24.483496006364717
43	26.106726355707803	22.720610127417647	26.643958179202116	24.52870533767243
44	25.991231766965374	22.891261797390374	26.49338751778651	24.624118917857743
45	25.78686103654742	22.591938762587414	27.057487047410184	24.56371315345498
46	25.99905484674312	22.758175731876175	25.972431883635416	25.27033753774529
47	26.51036032320363	22.930858666960145	26.32686533677476	24.23191567306147
48	25.816129841698842	22.644546267769442	26.981279528444833	24.558044362086882
49	26.154087843427256	23.342764652625732	25.891998433848286	24.61114907009873
50	25.86002413275631	22.915312780463484	27.05586936283002	24.168793723950188
51	26.53842340129898	22.6457633199937	26.147887547831516	24.6679257308758
52	26.174338366402694	22.73736476296275	25.912303439018743	25.17599343161582
53	25.921749819824296	22.884995026068903	26.372383356773938	24.820871797332863
54	26.502519234406876	22.637879891924236	26.312434948383363	24.54716592528553
55	26.212438736901838	22.71795271108128	26.454826460754365	24.614782091262516
56	25.989167369160842	22.887446650041333	26.326703240994405	24.796682739803423
57	25.970272573605136	22.56254725261812	26.738973794030752	24.728206379745995
58	26.119902751624345	22.692755194486118	26.5722494119924	24.615092641897142
59	26.046989115829245	22.85561658017295	26.30793912265635	24.78945518134146
60	25.984170810808372	22.618845000187317	26.74236477283834	24.65461941616597
61	26.890030924648595	22.71305186304921	25.697167167139046	24.699750045163153
62	25.94677801565315	22.915135095655355	26.227266524256486	24.910820364435008
63	26.01758099273688	22.600969968243465	26.719634567637012	24.66181447138264
64	26.108921830001087	22.66975283279102	26.49647088141772	24.724854455790176
65	26.5467182557098	22.868523132892822	26.175876062795307	24.40888254860207
66	25.873117324257187	23.14531153440513	26.24567276312944	24.73589837820824
67	26.20086626520535	23.367283754748165	25.741742503097004	24.690107476949485
68	25.92607189942871	23.6094551968371	26.106189392246566	24.358283511487624
69	25.94813093458313	23.3222998093202	26.016069542242427	24.713499713854244
70	26.183354477276072	23.494113474845626	25.672568386594126	24.64996366128418
71	25.95830020354678	23.637645960139032	25.991638469354537	24.412415366959657
72	26.004932373936462	23.547645886349937	26.08582755968103	24.361594180032576
73	26.94918830013986	24.265545422056682	25.903610154381372	22.88165612342209
74	28.704450471182515	26.21287155444927	26.13628455099832	18.9463934233699
75	36.93486193410989	35.50074016608218	27.56439789980792	0.0
>>END_MODULE
>>Per base GC content	fail
#Base	%GC
1	82.78027342572655
2	50.81582216440113
3	57.80418057700094
4	52.98287708211057
5	48.5721109844315
6	47.13914380278014
7	37.552242978146275
8	47.08874017299612
9	46.421206686324126
10	43.10503736218594
11	54.947203489514074
12	52.233387468470504
13	49.35806634456858
14	49.49285436591326
15	49.93244591873459
16	50.92430863048063
17	50.32854404802558
18	49.880610464795
19	50.88191179186173
20	49.51500200673616
21	50.61870206925513
22	49.9714949349823
23	49.57993489082691
24	50.71096454990429
25	50.38839702893744
26	50.23917582760019
27	50.67857485170446
28	50.268016845460515
29	50.443934948994496
30	50.11290371317529
31	51.055452100921606
32	49.68035220640934
33	50.86088149026694
34	50.517487234872085
35	49.88203346736915
36	50.92168198449737
37	51.174625010337074
38	49.91631399989047
39	51.04467200096947
40	50.55557321792835
41	50.74313465216185
42	50.23545967989749
43	50.63543169338024
44	50.61535068482311
45	50.3505741900024
46	51.26939238448841
47	50.74227599626509
48	50.37417420378573
49	50.76523691352598
50	50.028817856706496
51	51.20634913217478
52	51.35033179801851
53	50.742621617157155
54	51.0496851596924
55	50.82722082816436
56	50.78585010896426
57	50.698478953351135
58	50.73499539352149
59	50.8364442971707
60	50.638790226974336
61	51.58978096981175
62	50.857598380088156
63	50.67939546411952
64	50.83377628579127
65	50.95560080431187
66	50.609015702465435
67	50.890973742154834
68	50.28435541091633
69	50.661630648437374
70	50.833318138560244
71	50.370715570506434
72	50.36652655396904
73	49.83084442356194
74	47.650843894552416
75	36.93486193410989
>>END_MODULE
>>Per sequence GC content	warn
#GC Content	Count
0	162.0
1	90.5
2	26.0
3	41.5
4	50.0
5	74.5
6	115.5
7	160.5
8	190.5
9	219.5
10	333.0
11	537.0
12	660.0
13	904.0
14	1580.5
15	2519.5
16	3132.5
17	4248.5
18	6734.5
19	10206.5
20	12772.5
21	16723.5
22	25239.0
23	37368.5
24	46525.0
25	59907.0
26	85001.5
27	115551.5
28	139194.0
29	176190.5
30	246130.0
31	330979.0
32	394300.0
33	486762.0
34	655062.0
35	830888.5
36	940872.0
37	1062799.0
38	1236953.0
39	1408349.5
40	1526610.5
41	1599525.0
42	1670512.0
43	1723283.0
44	1761925.5
45	1786416.5
46	1799849.0
47	1782189.0
48	1762367.0
49	1730580.0
50	1681823.5
51	1632889.0
52	1602426.5
53	1584216.5
54	1538576.5
55	1486956.5
56	1456252.5
57	1403693.0
58	1336192.5
59	1276781.0
60	1220895.0
61	1142840.5
62	1038776.5
63	937842.5
64	861620.5
65	797535.0
66	686015.0
67	568620.5
68	496353.0
69	437871.5
70	364979.5
71	290164.0
72	238647.0
73	206525.5
74	167002.5
75	128959.0
76	104244.5
77	88632.0
78	69148.0
79	50926.5
80	41125.5
81	35894.5
82	28596.0
83	21057.0
84	16834.0
85	14341.5
86	11637.5
87	9024.5
88	7787.5
89	7195.0
90	6642.0
91	6632.0
92	6639.0
93	7326.0
94	8831.5
95	12147.0
96	14643.0
97	22219.0
98	160821.0
99	167187.0
100	42529.0
>>END_MODULE
>>Per base N content	pass
#Base	N-Count
1	0.05127611555544658
2	9.398345980365491E-4
3	5.90678169157049E-4
4	2.9402646642484213E-4
5	2.3102079504809026E-4
6	4.935444257845564E-4
7	2.283955587407256E-4
8	2.283955587407256E-4
9	2.283955587407256E-4
10	2.283955587407256E-4
11	2.283955587407256E-4
12	2.5727315812173687E-4
13	2.625236307364662E-4
14	2.3102079504809026E-4
15	2.782750485806542E-4
16	2.4939744919964287E-4
17	2.9665170273220683E-4
18	2.9402646642484213E-4
19	3.4390595626477075E-4
20	2.756498122732895E-4
21	3.4390595626477075E-4
22	8.742036903524325E-4
23	2.4939744919964287E-4
24	4.646668264035452E-4
25	3.0715264796166543E-4
26	4.384144633298985E-4
27	3.6228261041632335E-4
28	9.450850706512783E-4
29	0.0013913752429032709
30	0.0013178686262970605
31	0.0013178686262970605
32	0.001336245280448613
33	7.114390392958233E-4
34	8.873298718892557E-4
35	0.0013047424447602371
36	9.713400092219546E-4
37	0.0017037832835967751
38	0.0012863698768088199
39	0.0018954273812021856
40	0.0016906586619754563
41	0.0015357691261733573
42	0.001102603706769895
43	0.001183986765390686
44	6.773142034599888E-4
45	0.0010185969551511761
46	0.0011104810509403647
47	0.0030846704767291274
48	0.0020135683000398435
49	0.0019610640833475864
50	0.001535773641771636
51	7.665743145887099E-4
52	0.003079425956147977
53	0.0023286045334596187
54	0.003974644289681842
55	0.0010606056867051659
56	0.002480873971208473
57	0.002339112323412443
58	0.0011078633330341401
59	0.001194499233892821
60	0.0018586958019858905
61	0.0038460381318010228
62	0.0028353114093403664
63	0.002189496627637008
64	0.003696457612211248
65	0.00356260878000602
66	0.0029746837869126623
67	0.004040688764411987
68	0.0048653197826606775
69	0.005538252346568549
70	0.008354237755406517
71	0.004014215373071733
72	0.003708175673050415
73	0.004340372677218191
74	0.0034251985916313155
75	0.006835894567935944
>>END_MODULE
>>Sequence Length Distribution	warn
#Length	Count
35	101.0
36	9.0
37	11.0
38	15.0
39	10.0
40	0.0
41	8.0
42	13.0
43	15.0
44	15.0
45	12.0
46	11.0
47	8.0
48	16.0
49	14.0
50	6.0
51	30.0
52	32.0
53	24.0
54	17.0
55	27.0
56	42.0
57	32.0
58	65.0
59	51.0
60	79.0
61	92.0
62	107.0
63	425.0
64	457.0
65	1983.0
66	516.0
67	1683.0
68	5278.0
69	16091.0
70	49613.0
71	206552.0
72	991234.0
73	2833684.0
74	9348762.0
75	2.4634669E7
>>END_MODULE
>>Sequence Duplication Levels	fail
#Total Duplicate Percentage	63.4944818104121
#Duplication Level	Relative count
1	100.0
2	24.684446254071663
3	14.887011400651465
4	10.934955211726384
5	8.47668973941368
6	6.9498167752443
7	5.956076954397394
8	5.095938517915309
9	4.336319218241043
10++	73.15757328990227
>>END_MODULE
>>Overrepresented sequences	warn
#Sequence	Count	Percentage	Possible Source
TGGGGGGGGGGGGGGGGGGGGGGGGGGGGGGGGGGGGGGGGGGGGGGGGGGGGGGGGGGGGGGGGGGGGGGGGGG	217947	0.572162377481206	No Hit
>>END_MODULE
>>Kmer Content	fail
#Sequence	Count	Obs/Exp Overall	Obs/Exp Max	Max Obs/Exp Position
GGGGG	32447550	9.739034	13.632921	71
AAAAA	6295675	3.782837	14.100267	67
TCTTC	8995540	3.003795	6.3569274	7
CTTCT	8927305	2.9810097	6.129523	56
CTCCA	6946010	2.9497683	10.277921	24
TTCTT	9096080	2.7820604	5.8371634	6
TCCAG	6809950	2.685692	9.578597	25
CTTCA	6776500	2.6358898	6.2203207	1
CTCCT	7158805	2.6098423	6.616352	1
CTGCT	6792000	2.2994883	5.170738	59
GAAGA	4831485	2.1992745	10.893548	6
GGCAG	5904935	2.1926918	7.0177083	1
CCCAG	4961900	2.1364415	6.286482	1
GGAAG	5362605	2.1246445	9.111955	5
TTCTG	6636285	2.0579166	5.1042657	57
CTCTG	6001030	2.0316987	5.5914907	1
TCCAC	4685610	1.9898424	9.727803	35
CTCAG	4851140	1.9131812	5.3999553	1
GCCAG	4773985	1.9089028	7.073393	1
CACTG	4678605	1.8451371	8.876731	37
AAGAG	4037500	1.8378553	10.489215	7
GAAAA	3512460	1.8369547	9.692581	65
AAAAG	3510090	1.8357152	6.3658857	71
TCTGC	5414965	1.8332818	5.1444626	58
CTGAA	4347300	1.8292788	9.372585	19
TCACA	3952800	1.7910403	10.122881	30
CACAC	3558450	1.760322	10.824044	12
CCTCA	4013145	1.704266	5.106094	1
GCACA	3641600	1.6729511	10.276021	11
TGGGG	5644550	1.670986	7.564194	1
TCTGA	4621900	1.6695603	8.141891	18
ATCCA	3669585	1.6627138	9.781444	34
CACAT	3644770	1.6514698	9.909862	31
GAGCA	3756005	1.6024222	9.793655	9
CATCC	3764805	1.5988032	9.3813	33
AGAGC	3737570	1.5945573	9.665987	8
CCACT	3725030	1.5819119	9.175944	36
TGAAA	3425700	1.5380044	8.215797	64
AGCAC	3322910	1.5265449	10.477927	10
CCAGT	3820935	1.5068913	8.539433	26
CTTGA	4132700	1.4928474	5.0559382	62
GTCCA	3760120	1.4829073	8.763315	1
GCCAC	3399565	1.4637481	5.223931	1
GTCTT	4340530	1.3460015	5.096533	54
ACATC	2962330	1.3422517	9.579395	32
ATCTC	3426325	1.3327551	5.7575316	42
GTCCT	3926130	1.3292241	6.684502	1
TTGAA	3437075	1.324703	5.617012	63
AGTCA	3107975	1.3077894	8.875308	28
GTCAG	3539965	1.2964954	7.303738	1
GTCTG	4097020	1.2881348	6.8539414	17
CAGTC	3176965	1.252924	8.356663	27
ACTCC	2949010	1.2523588	8.951257	23
CTGAT	3430545	1.2392093	7.2813387	39
ACTGA	2943760	1.2386901	8.6271925	38
GAACT	2861525	1.2040869	8.782331	21
GATCT	3285625	1.1868602	5.2980814	41
GTCAC	3004440	1.184884	8.278279	29
AACTC	2508610	1.1366681	9.391452	22
TGAAC	2524080	1.062095	8.683847	20
ATGCC	2486240	0.98051745	7.393317	49
TGATC	2705390	0.97726285	5.320635	40
CACGT	1937215	0.7639943	7.8526044	14
ACACG	1635325	0.7512683	9.105187	13
CGGAA	1726825	0.7367143	8.4133	4
TCGGA	1862035	0.6819615	7.339604	3
CGTCT	1960830	0.6638554	6.7122946	16
TGCCG	1738910	0.5968994	6.2372694	50
CCGTC	1556435	0.5753012	5.820179	52
GCCGT	1550040	0.5320677	6.059289	51
GTATG	1535950	0.5152504	6.1251297	47
ACGTC	1298875	0.51224726	7.668159	15
ATCGG	1381380	0.50592387	6.9208965	2
GATCG	1289000	0.47209015	6.706663	1
TATGC	1288595	0.4654767	6.305732	48
TCGTA	1059480	0.3827139	6.126045	45
CGTAT	770625	0.27837142	6.2978063	46
>>END_MODULE
