##FastQC	0.10.1
>>Basic Statistics	pass
#Measure	Value	
Filename	SRR13389840.fastq	
File type	Conventional base calls	
Encoding	Sanger / Illumina 1.9	
Total Sequences	43893584	
Filtered Sequences	0	
Sequence length	35-75	
%GC	48	
>>END_MODULE
>>Per base sequence quality	pass
#Base	Mean	Median	Lower Quartile	Upper Quartile	10th Percentile	90th Percentile
1	30.572933643331563	32.0	32.0	32.0	32.0	32.0
2	31.25593150470465	32.0	32.0	32.0	32.0	32.0
3	31.286459519915258	32.0	32.0	32.0	32.0	32.0
4	31.36269070668734	32.0	32.0	32.0	32.0	32.0
5	31.412756884924228	32.0	32.0	32.0	32.0	32.0
6	34.72033270283875	36.0	36.0	36.0	32.0	36.0
7	34.63861055410741	36.0	36.0	36.0	32.0	36.0
8	34.64514670298967	36.0	36.0	36.0	32.0	36.0
9	34.689065855273974	36.0	36.0	36.0	32.0	36.0
10	34.64391062256388	36.0	36.0	36.0	32.0	36.0
11	34.82549902965317	36.0	36.0	36.0	32.0	36.0
12	34.798606124302815	36.0	36.0	36.0	32.0	36.0
13	34.75091106709354	36.0	36.0	36.0	32.0	36.0
14	34.74829524059826	36.0	36.0	36.0	32.0	36.0
15	34.74664010120477	36.0	36.0	36.0	32.0	36.0
16	34.75580485749352	36.0	36.0	36.0	32.0	36.0
17	34.765470507033555	36.0	36.0	36.0	32.0	36.0
18	34.74666071925227	36.0	36.0	36.0	32.0	36.0
19	34.7410196898025	36.0	36.0	36.0	32.0	36.0
20	34.7308974131618	36.0	36.0	36.0	32.0	36.0
21	34.73085348874678	36.0	36.0	36.0	32.0	36.0
22	34.678383177823896	36.0	36.0	36.0	32.0	36.0
23	34.64988065226116	36.0	36.0	36.0	32.0	36.0
24	34.634645555487104	36.0	36.0	36.0	32.0	36.0
25	34.60932930425549	36.0	36.0	36.0	32.0	36.0
26	34.54077361283599	36.0	36.0	36.0	32.0	36.0
27	34.5103635875348	36.0	36.0	36.0	32.0	36.0
28	34.47345427523075	36.0	36.0	36.0	32.0	36.0
29	34.4747976150683	36.0	36.0	36.0	32.0	36.0
30	34.43179684301924	36.0	36.0	36.0	32.0	36.0
31	34.40031540828382	36.0	36.0	36.0	32.0	36.0
32	34.36836096592158	36.0	36.0	36.0	32.0	36.0
33	34.35365059276089	36.0	36.0	36.0	32.0	36.0
34	34.32931011056194	36.0	36.0	36.0	32.0	36.0
35	34.30215099318388	36.0	36.0	36.0	32.0	36.0
36	34.28608100481841	36.0	36.0	36.0	32.0	36.0
37	34.26771615494839	36.0	36.0	36.0	32.0	36.0
38	34.23103059096726	36.0	36.0	36.0	32.0	36.0
39	34.20663052412203	36.0	36.0	36.0	32.0	36.0
40	34.183208448246155	36.0	36.0	36.0	32.0	36.0
41	34.156009813044385	36.0	36.0	36.0	32.0	36.0
42	34.1063477221256	36.0	36.0	36.0	32.0	36.0
43	34.04342797499642	36.0	36.0	36.0	32.0	36.0
44	33.94560448151437	36.0	36.0	36.0	32.0	36.0
45	33.94232393315155	36.0	36.0	36.0	32.0	36.0
46	33.96512504555928	36.0	36.0	36.0	32.0	36.0
47	33.97227252279986	36.0	36.0	36.0	32.0	36.0
48	33.89588928525375	36.0	36.0	36.0	32.0	36.0
49	33.7885400798413	36.0	36.0	36.0	32.0	36.0
50	33.84378920444757	36.0	36.0	36.0	32.0	36.0
51	33.80019981640475	36.0	36.0	36.0	32.0	36.0
52	33.7087034385529	36.0	36.0	36.0	27.0	36.0
53	33.710763472600966	36.0	36.0	36.0	27.0	36.0
54	33.66965087904708	36.0	36.0	36.0	27.0	36.0
55	33.54778992724453	36.0	36.0	36.0	27.0	36.0
56	33.46986104166217	36.0	36.0	36.0	27.0	36.0
57	33.417963263305346	36.0	36.0	36.0	27.0	36.0
58	33.49079398101892	36.0	36.0	36.0	27.0	36.0
59	33.34553470857303	36.0	36.0	36.0	27.0	36.0
60	33.32662720019648	36.0	36.0	36.0	27.0	36.0
61	33.40031573234416	36.0	36.0	36.0	27.0	36.0
62	33.27844844828448	36.0	36.0	36.0	27.0	36.0
63	33.21149147106311	36.0	36.0	36.0	27.0	36.0
64	33.29838247402622	36.0	36.0	36.0	27.0	36.0
65	33.26333344497157	36.0	36.0	36.0	27.0	36.0
66	33.12586280949891	36.0	36.0	36.0	27.0	36.0
67	33.21023420355736	36.0	36.0	36.0	27.0	36.0
68	33.20088199144016	36.0	36.0	36.0	27.0	36.0
69	33.17336985182047	36.0	36.0	36.0	27.0	36.0
70	33.13195375379241	36.0	36.0	36.0	27.0	36.0
71	33.10038259129494	36.0	36.0	36.0	27.0	36.0
72	32.99150438532298	36.0	32.0	36.0	21.0	36.0
73	32.9369638688839	36.0	32.0	36.0	21.0	36.0
74	32.856180012950645	36.0	32.0	36.0	14.0	36.0
75	30.66941972418402	36.0	32.0	36.0	14.0	36.0
>>END_MODULE
>>Per sequence quality scores	pass
#Quality	Count
2	110.0
3	0.0
4	0.0
5	0.0
6	0.0
7	0.0
8	0.0
9	0.0
10	0.0
11	1.0
12	2.0
13	12.0
14	16.0
15	56.0
16	452.0
17	2324.0
18	5729.0
19	9737.0
20	15287.0
21	25545.0
22	46368.0
23	84289.0
24	149926.0
25	254411.0
26	410147.0
27	622601.0
28	899050.0
29	1243470.0
30	1667965.0
31	2208718.0
32	3024243.0
33	4593619.0
34	9077164.0
35	1.9552342E7
>>END_MODULE
>>Per base sequence content	fail
#Base	G	A	T	C
1	41.794420540868096	9.347538893067417	8.466378626266852	40.391661939797636
2	24.133738326216385	13.557854640398403	34.6544516307648	27.65395540262042
3	23.43528845793269	15.777809632805445	24.24738510193515	36.53951680732671
4	25.958148827790723	24.56748550273182	22.06469248868658	27.40967318079088
5	27.99854219776786	28.201715922625485	23.541799644872015	20.25794223473464
6	25.858452284143063	29.879512055515285	24.226173283545386	20.035862376796267
7	19.11284807395286	23.21705500002119	40.571017459224116	17.099079466801832
8	21.682954509365103	22.829733185393344	31.354456017767014	24.132856287474535
9	21.647810332807104	20.992897486309698	34.344214814256894	23.0150773666263
10	22.366099343150648	33.883756842759816	25.618781051597782	18.131362762491754
11	27.878474599663722	25.0117728207159	22.548577494686338	24.56117508493404
12	25.1080212005126	22.494270047066458	27.57691024953668	24.820798502884266
13	24.31130268007198	24.680567359392683	28.050771951203284	22.957358009332054
14	23.777830192558707	24.452600251185423	28.00633151112611	23.763238045129764
15	24.559065790517778	24.690201520486436	27.324084072401412	23.42664861659437
16	24.944823793481614	24.122774352729987	26.90027880458839	24.03212304920001
17	25.563666207813	24.47314339121548	27.027593324761362	22.935597076210154
18	24.661481413606683	24.384535789778585	27.61419732427528	23.339785472339454
19	24.958296721933248	24.426727442957752	26.643617204505677	23.97135863060332
20	24.642186436024556	24.661068520482747	27.712778343579618	22.98396669991308
21	25.324999693575982	24.422737017611702	27.000259674421407	23.25200361439091
22	24.588222259793252	25.51134109583414	26.687367235854097	23.213069408518507
23	24.47766087832615	25.44195472187239	27.19379401039339	22.886590389408067
24	24.34149929425584	24.544823781533367	27.050126118092738	24.06355080611805
25	24.59808565436396	24.63345768906838	27.26949444281322	23.49896221375444
26	24.339208365727174	24.875018154789874	26.94765895764452	23.83811452183843
27	24.424986758836585	24.475169674619142	26.86132893164133	24.23851463490294
28	24.57404968994249	25.248453357685808	26.65554769505254	23.52194925731916
29	25.327500848882202	24.588289854586435	26.856662116816032	23.227547179715334
30	24.554029756949667	24.433019592392018	27.49307879498891	23.5198718556694
31	24.588331013451064	24.535308930128135	26.52661360919428	24.349746447226522
32	24.364127416946896	25.349226851068906	26.994809267102106	23.291836464882092
33	24.412609294654544	24.233226449830397	26.883912869380072	24.470251386134986
34	25.46779092062325	24.548076013744918	26.3432346998338	23.64089836579803
35	24.522811263114562	24.63706180095646	26.84691480488579	23.99321213104319
36	24.50111633848904	25.190576302867456	26.68280574448132	23.625501614162186
37	25.494667673028744	24.382137724746393	26.50313715811524	23.62005744410962
38	24.573227859372942	25.415835296804936	26.70173519332355	23.30920165049857
39	24.619308381700737	25.08551369124678	26.665952652377406	23.62922527467508
40	24.747598372979372	24.5728291673904	27.06644633564035	23.61312612398988
41	24.62495725374111	24.59614610437765	27.398708168755963	23.380188473125276
42	24.486556079615767	25.126820442721083	26.773868057164425	23.612755420498726
43	24.763534616787855	24.49755990115393	27.075667418967637	23.663238063090578
44	24.622863412112277	24.68115045648616	26.777609044662036	23.918377086739522
45	24.549399019468645	24.32413042499595	27.456668653926453	23.66980190160895
46	24.755097518210185	24.476150220175803	26.414519311891116	24.354232949722892
47	25.35352433247724	24.69214106165212	26.640145416604476	23.31418918926616
48	24.61332696321656	24.398315017538895	27.422147478911235	23.56621054033331
49	24.80096989732706	25.084904633210414	26.417078132357112	23.697047337105413
50	24.613461250345843	24.6359228830794	27.52126644330947	23.229349423265287
51	25.411252234498782	24.329830348848937	26.553665687519363	23.70525172913292
52	24.86178251199796	24.4920914849789	26.364036063198494	24.28208993982465
53	24.752632044801576	24.60257350935092	26.61347043284793	24.031324012999576
54	25.300079044733888	24.433473628964375	26.570458740603726	23.69598858569801
55	24.897844163035238	24.50827180000412	26.865757128330824	23.728126908629818
56	24.720537587058892	24.636021292929794	26.652797513030123	23.990643606981187
57	24.769849829250607	24.379861680357397	27.058632847917995	23.791655642473998
58	24.749527796203438	24.50970830045478	27.028285750705784	23.712478152635995
59	24.852266912187716	24.650271140836967	26.609674094001885	23.88778785297343
60	24.73636404356004	24.367163662097784	27.13057326828845	23.76589902605372
61	25.516352143238493	24.57689543778677	26.156787762035044	23.749964656939696
62	24.71945687780195	24.692987095764813	26.560608157026273	24.02694786940696
63	24.78979176845125	24.36068801684582	27.1086917631564	23.740828451546527
64	24.796116726056486	24.45513182717107	26.901163797424516	23.847587649347926
65	25.381234578027488	24.661961754647383	26.507708992647576	23.449094674677546
66	24.719310618736213	25.00052234898321	26.477269571015118	23.80289746126546
67	24.999191110251537	25.214096027198384	26.068928434812467	23.717784427737616
68	24.827796630638936	25.353258816901153	26.435874985117415	23.383069567342503
69	24.768899544026368	25.148197298734708	26.294205967792124	23.7886971894468
70	24.98697551022018	25.31453763785149	26.056473585792112	23.642013266136214
71	24.804998377901498	25.44812454119196	26.293761365560197	23.453115715346353
72	24.854576978452	25.37730045274127	26.314279572896538	23.453842995910193
73	25.590319890575653	26.077523205049452	26.24656415201725	22.08559275235765
74	27.306705656596346	27.945226260735755	26.531902998369976	18.216165084297916
75	34.60761988999698	37.34879329999496	28.04358681000806	0.0
>>END_MODULE
>>Per base GC content	fail
#Base	%GC
1	82.18608248066573
2	51.7876937288368
3	59.9748052652594
4	53.3678220085816
5	48.2564844325025
6	45.89431466093933
7	36.211927540754694
8	45.81581079683964
9	44.662887699433405
10	40.4974621056424
11	52.439649684597754
12	49.92881970339687
13	47.26866068940403
14	47.54106823768847
15	47.98571440711215
16	48.97694684268162
17	48.49926328402316
18	48.00126688594614
19	48.92965535253657
20	47.626153135937635
21	48.57700330796689
22	47.801291668311755
23	47.36425126773421
24	48.40505010037389
25	48.0970478681184
26	48.1773228875656
27	48.66350139373953
28	48.095998947261656
29	48.55504802859754
30	48.07390161261907
31	48.93807746067759
32	47.65596388182898
33	48.882860680789534
34	49.10868928642128
35	48.51602339415775
36	48.12661795265123
37	49.11472511713836
38	47.88242950987151
39	48.24853365637581
40	48.36072449696925
41	48.00514572686638
42	48.099311500114496
43	48.42677267987843
44	48.5412404988518
45	48.2192009210776
46	49.10933046793308
47	48.6677135217434
48	48.17953750354987
49	48.49801723443248
50	47.84281067361113
51	49.1165039636317
52	49.14387245182261
53	48.783956057801156
54	48.9960676304319
55	48.625971071665056
56	48.71118119404008
57	48.56150547172461
58	48.46200594883943
59	48.74005476516115
60	48.50226306961376
61	49.26631680017818
62	48.74640474720891
63	48.53062021999778
64	48.64370437540441
65	48.83032925270504
66	48.522208080001676
67	48.71697553798916
68	48.21086619798144
69	48.55759673347317
70	48.628988776356394
71	48.25811409324785
72	48.308419974362195
73	47.6759126429333
74	45.52287074089427
75	34.60761988999698
>>END_MODULE
>>Per sequence GC content	fail
#GC Content	Count
0	531.0
1	298.0
2	76.0
3	113.0
4	139.0
5	179.0
6	260.0
7	370.0
8	441.5
9	521.0
10	746.0
11	1116.0
12	1354.0
13	1812.0
14	3062.0
15	4774.5
16	5900.0
17	8040.5
18	13063.0
19	20342.5
20	25825.0
21	34408.0
22	53652.5
23	81505.0
24	102609.5
25	135303.5
26	195180.0
27	269185.0
28	324863.5
29	397889.5
30	528153.5
31	673651.5
32	771040.0
33	898330.5
34	1119757.0
35	1322188.5
36	1436972.5
37	1563460.5
38	1722784.5
39	1867818.5
40	1963433.0
41	1986851.0
42	2015927.5
43	2050038.5
44	2072556.5
45	2080699.5
46	2028823.5
47	1925342.5
48	1870282.0
49	1820888.5
50	1745779.0
51	1671519.0
52	1624698.0
53	1597434.0
54	1546977.5
55	1490581.0
56	1456079.0
57	1408081.0
58	1334973.0
59	1264815.5
60	1202760.0
61	1120731.0
62	1013796.5
63	909500.5
64	828943.5
65	761301.5
66	653904.5
67	541803.5
68	471148.5
69	417902.0
70	349217.5
71	279554.5
72	232779.0
73	202171.5
74	164823.0
75	127652.0
76	103659.0
77	88834.0
78	70803.5
79	53311.5
80	43116.0
81	37446.5
82	29819.5
83	22227.0
84	17638.5
85	14684.0
86	11744.0
87	9001.0
88	7629.5
89	6826.0
90	5755.5
91	5379.0
92	5336.0
93	5866.0
94	7274.5
95	10628.5
96	13112.0
97	21373.5
98	171618.5
99	178082.0
100	42560.0
>>END_MODULE
>>Per base N content	pass
#Base	N-Count
1	0.0542493864251322
2	0.001063936815913688
3	6.515758658486398E-4
4	3.2350969563114284E-4
5	2.57440814129008E-4
6	5.239945774307243E-4
7	2.5060610224947685E-4
8	2.5060610224947685E-4
9	2.5060610224947685E-4
10	2.5060610224947685E-4
11	2.5060610224947685E-4
12	2.6655376330171626E-4
13	3.0984027187208043E-4
14	2.57440814129008E-4
15	2.9844908540619514E-4
16	2.6655376330171626E-4
17	3.2350969563114284E-4
18	2.961708481130181E-4
19	3.4629206856291343E-4
20	2.847796616471328E-4
21	3.599614923219758E-4
22	9.728073241866055E-4
23	2.6655376330171626E-4
24	4.5336922134223535E-4
25	3.4629206856291343E-4
26	4.76151594274006E-4
27	3.6451796690832995E-4
28	9.933114598251992E-4
29	0.0012940387825245714
30	0.0013145429181631648
31	0.0012575869858337382
32	0.0012598652231269154
33	7.108100354712433E-4
34	9.500249512548349E-4
35	0.0013077082062836335
36	9.431928394439966E-4
37	0.0016038837680925322
38	0.0012029130453117525
39	0.001695014763373547
40	0.001535537742811462
41	0.0015537639224765666
42	9.933156463913856E-4
43	0.0011277324701448777
44	5.946227377310249E-4
45	9.910380316882018E-4
46	0.00110039417805362
47	0.002861480969044175
48	0.0020390337121759246
49	0.0019228436214390229
50	0.001535541940822036
51	7.746058150615402E-4
52	0.0027407396319904325
53	0.0023397684636209974
54	0.003667993128413569
55	0.0010229376568708503
56	0.0023420507743849633
57	0.0023078789849415113
58	0.001098123059360819
59	0.001139133724798916
60	0.001824894222774475
61	0.0037705437105804464
62	0.0028432904735393207
63	0.0022236047859630027
64	0.0035085848692505348
65	0.003349147231929813
66	0.0030303297502304247
67	0.003934922891802403
68	0.004782707624993979
69	0.004990690766522474
70	0.0076507537599659
71	0.0040057255170056405
72	0.0037284210747062473
73	0.004292128166425883
74	0.003229676682745843
75	0.006584123419548217
>>END_MODULE
>>Sequence Length Distribution	warn
#Length	Count
35	121.0
36	8.0
37	8.0
38	24.0
39	5.0
40	6.0
41	13.0
42	10.0
43	12.0
44	6.0
45	9.0
46	7.0
47	15.0
48	15.0
49	27.0
50	5.0
51	32.0
52	29.0
53	20.0
54	19.0
55	37.0
56	40.0
57	39.0
58	74.0
59	48.0
60	81.0
61	67.0
62	115.0
63	352.0
64	570.0
65	2157.0
66	570.0
67	1769.0
68	5573.0
69	16742.0
70	52671.0
71	228155.0
72	1041135.0
73	3096325.0
74	1.0361556E7
75	2.9085117E7
>>END_MODULE
>>Sequence Duplication Levels	fail
#Total Duplicate Percentage	59.60568052438494
#Duplication Level	Relative count
1	100.0
2	25.464541721762128
3	15.068318370566265
4	10.657201846567842
5	8.130930011367063
6	6.544180759505417
7	5.497946969169741
8	4.4702716496160715
9	3.7592502377804067
10++	52.3882432087596
>>END_MODULE
>>Overrepresented sequences	warn
#Sequence	Count	Percentage	Possible Source
TGGGGGGGGGGGGGGGGGGGGGGGGGGGGGGGGGGGGGGGGGGGGGGGGGGGGGGGGGGGGGGGGGGGGGGGGGG	246303	0.5611366800213899	No Hit
>>END_MODULE
>>Kmer Content	fail
#Sequence	Count	Obs/Exp Overall	Obs/Exp Max	Max Obs/Exp Position
GGGGG	33412150	10.986738	15.551408	71
AAAAA	10611265	3.864109	11.397672	67
CTTCT	9633625	2.8909755	6.0933833	56
TCTTC	9632280	2.8905718	6.315677	55
CTCCA	7623620	2.8385177	10.738994	24
TTCTT	10333315	2.732669	5.6320252	6
CCAGG	7025255	2.6454213	5.3886495	2
TCCAG	7403835	2.6024637	10.31661	25
CTCCT	7489130	2.550312	8.087757	1
CTTCA	7465355	2.4494781	5.4829063	1
CTGCT	7057865	2.2689917	5.3241396	59
GGCAG	6157320	2.1888807	7.556971	1
CCCAG	5414750	2.1598005	7.5995517	1
GGAAG	6138550	2.1026032	9.557219	5
GAAGA	5829050	2.037759	10.252738	6
CAGAA	5502910	2.0377455	10.131297	35
CCTGG	5903220	2.0330746	5.5689554	1
TTCTG	7148680	2.0252476	5.279234	57
CTCTG	6269180	2.015442	6.1160135	1
GCCAG	5281695	1.9888685	7.768335	1
CCAGA	4840585	1.8603481	5.0032535	2
AAAAG	5107315	1.822264	5.469465	71
CTCAG	5164490	1.8153292	5.874497	1
GAAAA	5086530	1.814848	8.160295	65
TCTGC	5616975	1.8057684	5.473642	58
GGCCA	4764360	1.7940617	5.0574284	1
CACAC	4393890	1.7887431	10.839777	12
CCCCA	4197745	1.773592	5.9990797	1
GCAGA	4883975	1.772015	9.842742	34
AAGAG	5047240	1.7644486	9.869496	7
CTGAA	5198870	1.7607516	9.194574	19
TGGGG	5670080	1.7403983	8.237556	1
GCACA	4273800	1.6425197	10.330236	11
TCTGA	5264090	1.6305871	8.455565	18
AGAGC	4335595	1.5730505	9.944579	8
GAGCA	4273500	1.5505209	9.998697	9
CCAGT	4393925	1.5444739	9.250046	26
AGCAC	3976555	1.5282815	10.584983	10
TGAAA	4634675	1.5124099	7.213928	64
GCCAC	3723240	1.4851019	5.4027214	1
GTCCA	4032040	1.4172705	7.8235693	1
AGAAT	4058985	1.324548	8.467975	36
GTCTG	4294960	1.3035154	7.944716	17
GTCCT	4049460	1.3018371	5.96302	1
AGTCA	3831340	1.2975968	8.728625	28
GTCTT	4549620	1.2889241	5.4210076	54
ATCTC	3900255	1.2797233	7.2156386	42
TTGAA	4257360	1.270639	5.122071	63
GTCAG	3824705	1.2691807	6.3994913	1
CAGTC	3550580	1.2480364	9.00108	27
ACTCC	3342270	1.2444341	9.55663	23
GTCAC	3286460	1.1551976	8.926724	29
GAACT	3377195	1.1437871	8.617456	21
AACTC	3024605	1.085076	9.061972	22
TGAAC	3032215	1.0269495	8.540789	20
GAATT	3399930	1.014733	7.4959593	37
AATTA	3290020	1.0021758	7.7752056	38
ATGCC	2843020	0.99932754	7.7911887	49
ATTAT	3240330	0.90274733	6.9052134	39
CGCAG	2290390	0.8624664	9.1002	33
TATCT	2949540	0.852845	6.124012	41
CACGT	2218610	0.7798461	8.54679	14
TTATC	2645000	0.7647888	6.284503	40
TCGGA	2280395	0.75672066	8.085652	3
CGGAA	2067000	0.74995357	8.741722	4
ACACG	1910930	0.73441434	9.278301	13
TCTCG	2216555	0.71258724	6.5080767	43
CGTCT	2115920	0.68023473	7.7400517	16
CTCGT	2025490	0.6511629	6.4264665	44
TGCCG	1848630	0.63666993	7.3781033	50
CACGC	1580645	0.6304774	9.452179	31
TCACG	1762300	0.6194522	8.403953	30
CCGTC	1579230	0.57611895	6.569935	52
GTATG	1954270	0.57148224	6.443475	47
ATCGG	1706390	0.56624424	7.6399345	2
GCCGT	1585990	0.5462164	7.048401	51
GATCG	1632075	0.5415838	7.4137454	1
TATGC	1704425	0.52795696	6.456187	48
ACGTC	1485755	0.522246	8.353209	15
ACGCA	1186980	0.45618373	8.972226	32
TCGTA	1262260	0.39099345	6.450692	45
CGTAT	920315	0.2850737	6.550522	46
>>END_MODULE
