##FastQC	0.10.1
>>Basic Statistics	pass
#Measure	Value	
Filename	SRR13389824.fastq	
File type	Conventional base calls	
Encoding	Sanger / Illumina 1.9	
Total Sequences	45982717	
Filtered Sequences	0	
Sequence length	35-75	
%GC	50	
>>END_MODULE
>>Per base sequence quality	pass
#Base	Mean	Median	Lower Quartile	Upper Quartile	10th Percentile	90th Percentile
1	30.36611318552577	32.0	32.0	32.0	32.0	32.0
2	31.14422771059831	32.0	32.0	32.0	32.0	32.0
3	31.269722535099437	32.0	32.0	32.0	32.0	32.0
4	31.34430414366337	32.0	32.0	32.0	32.0	32.0
5	31.38113313312913	32.0	32.0	32.0	32.0	32.0
6	34.68263497783308	36.0	36.0	36.0	32.0	36.0
7	34.611323641445544	36.0	36.0	36.0	32.0	36.0
8	34.62477902295334	36.0	36.0	36.0	32.0	36.0
9	34.64837741101727	36.0	36.0	36.0	32.0	36.0
10	34.58002144588368	36.0	36.0	36.0	32.0	36.0
11	34.7403522719199	36.0	36.0	36.0	32.0	36.0
12	34.703357394040026	36.0	36.0	36.0	32.0	36.0
13	34.64886463755502	36.0	36.0	36.0	32.0	36.0
14	34.65134541745326	36.0	36.0	36.0	32.0	36.0
15	34.64164270675872	36.0	36.0	36.0	32.0	36.0
16	34.652987534425165	36.0	36.0	36.0	32.0	36.0
17	34.65238611280843	36.0	36.0	36.0	32.0	36.0
18	34.63514485235833	36.0	36.0	36.0	32.0	36.0
19	34.62811334093198	36.0	36.0	36.0	32.0	36.0
20	34.61468107680545	36.0	36.0	36.0	32.0	36.0
21	34.60542877446759	36.0	36.0	36.0	32.0	36.0
22	34.54049457321106	36.0	36.0	36.0	32.0	36.0
23	34.495116480394145	36.0	36.0	36.0	32.0	36.0
24	34.49541983349962	36.0	36.0	36.0	32.0	36.0
25	34.46199838517589	36.0	36.0	36.0	32.0	36.0
26	34.37291963413123	36.0	36.0	36.0	32.0	36.0
27	34.334687073841245	36.0	36.0	36.0	32.0	36.0
28	34.306969094496964	36.0	36.0	36.0	32.0	36.0
29	34.29517237965734	36.0	36.0	36.0	32.0	36.0
30	34.251760699568926	36.0	36.0	36.0	32.0	36.0
31	34.2069781565974	36.0	36.0	36.0	32.0	36.0
32	34.1506472747141	36.0	36.0	36.0	32.0	36.0
33	34.1400047109004	36.0	36.0	36.0	32.0	36.0
34	34.07590440991123	36.0	36.0	36.0	32.0	36.0
35	34.02870622020878	36.0	36.0	36.0	32.0	36.0
36	34.05308832036466	36.0	36.0	36.0	32.0	36.0
37	34.02273597265957	36.0	36.0	36.0	32.0	36.0
38	33.98081204170561	36.0	36.0	36.0	32.0	36.0
39	33.96690687578531	36.0	36.0	36.0	32.0	36.0
40	33.9228997120974	36.0	36.0	36.0	32.0	36.0
41	33.83966648401047	36.0	36.0	36.0	32.0	36.0
42	33.57442282510934	36.0	36.0	36.0	27.0	36.0
43	33.52982829874868	36.0	36.0	36.0	27.0	36.0
44	33.3730839055778	36.0	36.0	36.0	21.0	36.0
45	33.370428823331714	36.0	36.0	36.0	21.0	36.0
46	33.479196558917955	36.0	36.0	36.0	27.0	36.0
47	33.63343484657915	36.0	36.0	36.0	27.0	36.0
48	33.430846362457295	36.0	36.0	36.0	27.0	36.0
49	33.2392939833504	36.0	36.0	36.0	21.0	36.0
50	33.46084717123569	36.0	36.0	36.0	27.0	36.0
51	33.36133201842607	36.0	36.0	36.0	21.0	36.0
52	33.18092258074688	36.0	36.0	36.0	21.0	36.0
53	33.31596815537219	36.0	36.0	36.0	27.0	36.0
54	33.273538202154754	36.0	36.0	36.0	21.0	36.0
55	33.00429590919124	36.0	36.0	36.0	21.0	36.0
56	32.90150842972889	36.0	36.0	36.0	14.0	36.0
57	32.83814606120058	36.0	36.0	36.0	14.0	36.0
58	33.079925847013	36.0	36.0	36.0	21.0	36.0
59	32.77264208252366	36.0	32.0	36.0	14.0	36.0
60	32.74854075176742	36.0	32.0	36.0	14.0	36.0
61	32.969026602079374	36.0	32.0	36.0	21.0	36.0
62	32.71564995844889	36.0	32.0	36.0	14.0	36.0
63	32.63033374692436	36.0	32.0	36.0	14.0	36.0
64	32.851970033278235	36.0	32.0	36.0	14.0	36.0
65	32.76805776810311	36.0	32.0	36.0	14.0	36.0
66	32.538624342997196	36.0	32.0	36.0	14.0	36.0
67	32.726789970074684	36.0	32.0	36.0	14.0	36.0
68	32.79158918937871	36.0	32.0	36.0	14.0	36.0
69	32.777102318656965	36.0	32.0	36.0	14.0	36.0
70	32.72502742127867	36.0	32.0	36.0	14.0	36.0
71	32.68685073849243	36.0	32.0	36.0	14.0	36.0
72	32.427669353047484	36.0	32.0	36.0	14.0	36.0
73	32.30546968586908	36.0	32.0	36.0	14.0	36.0
74	32.17765294608287	36.0	32.0	36.0	14.0	36.0
75	29.99242543073403	36.0	27.0	36.0	14.0	36.0
>>END_MODULE
>>Per sequence quality scores	pass
#Quality	Count
2	107.0
3	0.0
4	0.0
5	0.0
6	0.0
7	0.0
8	0.0
9	0.0
10	0.0
11	2.0
12	2.0
13	5.0
14	17.0
15	186.0
16	2161.0
17	9319.0
18	23614.0
19	38280.0
20	54999.0
21	78214.0
22	116487.0
23	177116.0
24	270270.0
25	409306.0
26	611270.0
27	893726.0
28	1221283.0
29	1541472.0
30	1889295.0
31	2366121.0
32	3160487.0
33	4699916.0
34	9045870.0
35	1.9373192E7
>>END_MODULE
>>Per base sequence content	fail
#Base	G	A	T	C
1	55.35252077105813	10.344162215403143	8.368136079187787	25.935180934350942
2	26.73173422670979	13.420517539612778	33.710145334750635	26.137602898926797
3	24.05465169661395	16.65806773755303	28.192885245181483	31.094395320651547
4	27.41113422928565	24.05462625075352	22.955025077865898	25.579214442094933
5	30.36164739419842	27.599681331682653	23.32975596620696	18.708915307911965
6	28.13604585417307	27.787345554991642	24.124081902782642	19.952526688052643
7	20.97298522202198	23.362097105840665	39.401715126653315	16.26320254548404
8	22.728803345438635	22.369315269402932	31.230841398520003	23.671039986638426
9	25.136252596361974	19.05080420619882	32.90154691088653	22.911396286552677
10	24.88032758471083	32.15306177705006	25.421701812924496	17.544908825314614
11	32.08200882898991	22.68081128931133	21.428924978377694	23.80825490332106
12	27.360346969475675	20.57719915122684	26.233536056374714	25.828917822922776
13	26.454996526510993	24.514940265209976	27.136754646063387	21.893308562215644
14	25.8766047833432	22.566394612363123	27.001784522491974	24.55521608180171
15	26.612017722359703	24.342495714138764	26.353450294992083	22.69203626850945
16	27.140862196003805	22.206790058684582	26.032986776935026	24.619360968376586
17	29.133840373228338	22.595076504523725	26.034272765281198	22.236810356966743
18	26.64939810265589	22.641633599080276	28.144059386647886	22.564908911615944
19	27.15835549716242	22.76658998980005	25.580040336146443	24.495014176891083
20	26.67956270583604	22.91511218353623	28.209300240869407	22.196024869758325
21	28.956964793674718	22.6863353696198	25.866090842569644	22.49060899413584
22	26.834385531564802	25.240568083744385	25.628558637936923	22.296487746753886
23	26.628010886117554	25.025569997660636	26.058191010117067	22.28822810610474
24	26.462407119576554	22.652936953637372	25.876068966222153	25.008586960563918
25	26.782140843569547	22.73069091933194	27.80205110305371	22.6851171340448
26	26.40736523357137	22.930550565736716	25.985648459458073	24.676435741233842
27	26.403475700654834	22.65807929424367	25.96969163697642	24.96875336812508
28	26.68319665641656	24.948611185747346	25.788195423006727	22.57999673482937
29	28.81811031415212	22.737955429705757	25.99784642523574	22.44608783090639
30	26.52204161095661	22.62019237042572	28.13300039232641	22.724765626291262
31	26.76565298196708	22.807837235906668	25.48926724463113	24.937242537495123
32	26.345558004573515	25.040669042226167	25.976540896848014	22.637232056352303
33	26.37395337403108	22.408036065798303	25.866450514404416	25.351560045766202
34	26.923655489715543	24.98636596047739	25.29621319594957	22.793765353857502
35	26.518696052621937	25.012858782094188	25.793517503612755	22.67492766167112
36	26.488174765475097	22.69568255049555	25.580884888608136	25.23525779542122
37	29.151625055135845	22.64117439636991	25.420808098215026	22.786392450279223
38	26.600367439161133	22.88352446522918	27.888240002606235	22.627868093003453
39	26.686769407775763	22.600634351134097	27.809518242102328	22.90307799898782
40	26.851398956167333	22.825290069083938	25.287483283364747	25.035827691383982
41	26.57124281496629	22.806362899808434	25.60922224446529	25.013172040759983
42	26.455273123506196	24.91015357224108	25.675401802785185	22.95917150146754
43	26.98449779826036	22.727571361598088	27.444646931675447	22.843283908466105
44	27.061216113897114	22.84937769060215	25.7468160772917	24.342590118209035
45	26.850681347860377	22.55519387852123	27.55392903828734	23.04019573533105
46	26.939547577865884	22.77800501639641	25.33379139651392	24.94865600922378
47	28.782424450203514	22.897612319609955	25.54798705105452	22.771976179132007
48	26.705970951067236	22.637307464775137	27.706599768002782	22.95012181615484
49	27.001221900608385	24.63248541891009	25.446943013891737	22.91934966658979
50	26.5746864523906	22.929009283743802	27.839820356644363	22.656483907221237
51	28.67861096725078	22.68841017215004	25.49173158649699	23.141247274102195
52	27.23786674697783	22.794550880799953	25.222104028876522	24.745478343345695
53	26.755476224775837	22.863951772407017	25.49039923001762	24.890172772799524
54	28.693284751756977	22.69174514820011	25.53317407219921	23.0817960278437
55	27.335759983978043	22.790986635457863	26.91771068079249	22.95554269977161
56	27.390622093581246	22.820737109498292	25.569429993792465	24.219210803128
57	27.362291296887125	22.63550345525802	26.835189213963105	23.167016033891745
58	26.877034721270153	22.763652988421835	27.415685639304378	22.943626651003633
59	27.707550175935573	22.840066649262607	25.547166645165316	23.905216529636505
60	27.235705663877717	22.68178462466465	26.926405704376833	23.1561040070808
61	29.083803168215073	22.7984839954852	25.060724868964645	23.056987967335083
62	27.329269043794252	22.905775490593346	25.441450933879832	24.323504531732567
63	27.530779736654974	22.61800512948671	26.689729036796844	23.161486097061474
64	26.952915448033544	22.747339842366408	27.208044907726208	23.09169980187384
65	28.707917137503987	22.841734915377167	25.497719547751718	22.952628399367132
66	26.978501433468317	24.176422894620732	25.545609487534477	23.29946618437647
67	26.95910762848414	25.027411419154273	25.002607322902637	23.01087362945895
68	26.693096860921038	25.11415210266039	25.324159083534397	22.868591952884167
69	26.673714556795108	24.9573081419229	25.162982187294148	23.205995113987843
70	26.91109244437051	25.155118133438524	24.957589603510506	22.976199818680456
71	26.629964412008082	25.185728250883336	25.20303701744677	22.981270319661803
72	26.732533057538383	25.163026139569965	25.292666937494474	22.811773865397182
73	27.70425885011229	25.66833972761201	25.22135840988281	21.406043012392896
74	29.831263445335228	27.014399082812556	25.382764606300473	17.77157286555175
75	38.37869186280752	35.08301971046702	26.538288426725465	0.0
>>END_MODULE
>>Per base GC content	fail
#Base	%GC
1	81.28770170540906
2	52.869337125636584
3	55.149047017265495
4	52.99034867138058
5	49.07056270211039
6	48.08857254222572
7	37.23618776750602
8	46.39984333207706
9	48.04764888291465
10	42.42523641002544
11	55.89026373231098
12	53.18926479239845
13	48.34830508872663
14	50.43182086514491
15	49.30405399086915
16	51.76022316438039
17	51.37065073019508
18	49.21430701427184
19	51.65336967405351
20	48.875587575594366
21	51.447573787810555
22	49.130873278318695
23	48.9162389922223
24	51.47099408014048
25	49.467257977614345
26	51.08380097480521
27	51.37222906877991
28	49.26319339124593
29	51.2641981450585
30	49.24680723724787
31	51.7028955194622
32	48.982790060925815
33	51.72551341979729
34	49.717420843573045
35	49.19362371429305
36	51.72343256089631
37	51.93801750541507
38	49.22823553216458
39	49.589847406763575
40	51.88722664755131
41	51.584414855726266
42	49.41444462497373
43	49.82778170672646
44	51.403806232106156
45	49.890877083191434
46	51.88820358708966
47	51.55440062933552
48	49.65609276722208
49	49.920571567198174
50	49.231170359611845
51	51.81985824135297
52	51.98334509032352
53	51.645648997575364
54	51.77508077960068
55	50.29130268374965
56	51.60983289670924
57	50.52930733077887
58	49.82066137227379
59	51.61276670557208
60	50.39180967095852
61	52.14079113555016
62	51.65277357552682
63	50.69226583371644
64	50.04461524990739
65	51.66054553687112
66	50.27796761784479
67	49.96998125794309
68	49.56168881380521
69	49.87970967078295
70	49.887292263050966
71	49.61123473166989
72	49.54430692293556
73	49.11030186250518
74	47.60283631088698
75	38.37869186280752
>>END_MODULE
>>Per sequence GC content	fail
#GC Content	Count
0	1589.0
1	1112.5
2	620.0
3	667.5
4	731.5
5	792.5
6	944.5
7	1178.0
8	1321.5
9	1465.0
10	1828.0
11	2337.0
12	2644.0
13	3284.5
14	4703.5
15	6452.5
16	7658.0
17	9922.0
18	14924.0
19	20808.5
20	24745.0
21	31769.0
22	46866.0
23	67615.0
24	83075.0
25	106902.5
26	149793.5
27	200595.5
28	239840.5
29	298332.5
30	404668.5
31	528875.0
32	618412.0
33	744308.5
34	956581.5
35	1161620.5
36	1283027.5
37	1408583.0
38	1590056.0
39	1759074.0
40	1872325.0
41	1934390.0
42	1983353.5
43	2017804.0
44	2048183.0
45	2088835.0
46	2136160.5
47	2134278.5
48	2113564.0
49	2064663.5
50	1974547.0
51	1885974.5
52	1835671.5
53	1802149.0
54	1732900.0
55	1659464.5
56	1619251.5
57	1551832.0
58	1465403.0
59	1392100.0
60	1324509.0
61	1238345.5
62	1121432.0
63	1004844.5
64	916367.0
65	841197.0
66	718680.0
67	593823.0
68	516017.0
69	453556.5
70	376254.0
71	296797.5
72	242514.0
73	210508.0
74	170693.5
75	132207.0
76	108112.0
77	93363.5
78	74839.0
79	56965.0
80	47028.0
81	41772.5
82	34344.5
83	26943.0
84	22827.0
85	20069.5
86	17189.0
87	14395.5
88	13099.0
89	12440.0
90	12281.5
91	13625.0
92	14512.5
93	17231.0
94	22795.0
95	33769.0
96	41905.5
97	68642.5
98	574678.5
99	580008.0
100	106036.0
>>END_MODULE
>>Per base N content	pass
#Base	N-Count
1	0.05310256025106129
2	9.982011284805116E-4
3	5.371583414699048E-4
4	2.95763297327559E-4
5	2.392203140149374E-4
6	5.436825318521305E-4
7	2.326961236327118E-4
8	2.326961236327118E-4
9	2.326961236327118E-4
10	2.326961236327118E-4
11	2.326961236327118E-4
12	2.45744504397163E-4
13	2.892391069453334E-4
14	2.3487085376012036E-4
15	2.7619072618088224E-4
16	2.392203140149374E-4
17	3.088116780920101E-4
18	2.7184126592606523E-4
19	3.022874877097845E-4
20	2.6749180567124816E-4
21	3.3925789987572936E-4
22	8.95988812492311E-4
23	2.522686947793885E-4
24	4.50169136373564E-4
25	3.088116780920101E-4
26	4.284218350994788E-4
27	3.50131550512772E-4
28	9.438328752952985E-4
29	0.0012308972521132234
30	0.0012983138860628875
31	0.0011656553482909675
32	0.0012330719822406318
33	6.872147202610929E-4
34	8.263974484152382E-4
35	0.0011395585867620655
36	8.329237581172008E-4
37	0.0015397130488114697
38	0.0012069785805231628
39	0.0017049937592661464
40	0.0014657729511174506
41	0.0015179667127297799
42	0.0010438741841932962
43	0.00107214603316189
44	5.67606834534322E-4
45	9.438367957428002E-4
46	0.0010895446275413438
47	0.0028467348614434986
48	0.0019833633222797074
49	0.001826782523824017
50	0.0015005720767937115
51	7.807325302343022E-4
52	0.002759750056679264
53	0.0023378516648124422
54	0.003694894610362272
55	9.851606105386087E-4
56	0.002435718718939829
57	0.0022769644293138794
58	0.0011004250032740906
59	0.0011504468485618099
60	0.0017680805867209058
61	0.0036296806270330914
62	0.002775003499201121
63	0.0021704231479151856
64	0.003505764917236328
65	0.003370971718699935
66	0.003016615198977526
67	0.004028002096388046
68	0.00476549076496393
69	0.005090197981945329
70	0.007716518860294972
71	0.003941380237370441
72	0.003663903576745158
73	0.004287874859213653
74	0.0033336478420963912
75	0.006419236674428472
>>END_MODULE
>>Sequence Length Distribution	warn
#Length	Count
35	117.0
36	6.0
37	5.0
38	16.0
39	8.0
40	2.0
41	10.0
42	11.0
43	9.0
44	7.0
45	13.0
46	8.0
47	7.0
48	13.0
49	22.0
50	6.0
51	32.0
52	38.0
53	20.0
54	17.0
55	29.0
56	48.0
57	39.0
58	101.0
59	66.0
60	60.0
61	83.0
62	107.0
63	411.0
64	599.0
65	2122.0
66	556.0
67	1752.0
68	5670.0
69	17343.0
70	55737.0
71	235945.0
72	1094150.0
73	3201435.0
74	1.0599199E7
75	3.0766898E7
>>END_MODULE
>>Sequence Duplication Levels	fail
#Total Duplicate Percentage	64.29840545661924
#Duplication Level	Relative count
1	100.0
2	24.4482346053
3	14.631010869841916
4	10.34798767914874
5	8.228750350024184
6	6.851564289896393
7	5.7136674897538375
8	5.053076394369065
9	4.24102028867449
10++	75.04773057047578
>>END_MODULE
>>Overrepresented sequences	fail
#Sequence	Count	Percentage	Possible Source
TGGGGGGGGGGGGGGGGGGGGGGGGGGGGGGGGGGGGGGGGGGGGGGGGGGGGGGGGGGGGGGGGGGGGGGGGGG	786711	1.7108841132636856	No Hit
GGGGGGGGGGGGGGGGGGGGGGGGGGGGGGGGGGGGGGGGGGGGGGGGGGGGGGGGGGGGGGGGGGGGGGGGGGG	87742	0.1908151708390785	No Hit
GATCGGAAGAGCACACGTCTGAACTCCAGTCACAACGTTCCATCTCGTATGCCGTCTTCTGCTTGAAAAAAAAAG	56797	0.1235181470464218	TruSeq Adapter, Index 1 (97% over 36bp)
AGGGGGGGGGGGGGGGGGGGGGGGGGGGGGGGGGGGGGGGGGGGGGGGGGGGGGGGGGGGGGGGGGGGGGGGGGG	56306	0.12245035455386423	No Hit
>>END_MODULE
>>Kmer Content	fail
#Sequence	Count	Obs/Exp Overall	Obs/Exp Max	Max Obs/Exp Position
GGGGG	98089145	19.125938	25.82618	71
AAAAA	11813130	5.3572063	35.95732	67
TTTTT	15105425	3.7864664	12.331776	2
CTCCA	8316210	3.446495	32.89381	24
TCTTC	9958795	3.2251184	9.893515	55
CTTCT	9905280	3.2077878	9.385472	56
TTCTT	10462535	2.9809651	5.94247	6
TCCAG	8389455	2.9090235	27.58459	25
CTTCA	7470520	2.7238564	6.1662016	6
TTCCA	7198550	2.6246922	27.757317	38
CACAC	5015345	2.3401704	36.271065	12
CCACA	4989755	2.3282301	5.732828	2
CTGCT	7497575	2.3090847	7.429254	59
CATCT	6285810	2.2918944	17.794086	41
GAAGA	6803620	2.2013283	25.99803	6
TCACA	5358120	2.1995823	32.031776	30
TCCAT	5918160	2.157844	26.199207	39
CACAA	4596165	2.1243098	35.282543	31
TTCTG	7492750	2.030212	7.8397326	57
GCACA	5127385	2.0017226	30.627546	11
GGAAG	7300455	1.9951721	21.569096	5
CTGAA	5774460	1.983355	26.708649	19
GAAAA	5146865	1.9715232	19.987375	65
CCATC	4664280	1.9330224	22.497261	40
AAAAG	5029865	1.9267058	12.606767	71
AAGAG	5847150	1.89186	25.709297	7
TTTCA	5891360	1.8898616	5.202261	6
GGCAG	6775215	1.8692954	6.977749	1
AGCAC	4762315	1.8591999	30.850277	10
TCTGC	5987850	1.8441234	8.449606	58
TCTGA	6005125	1.8319628	23.81831	18
TTCAG	5916195	1.804833	5.113102	7
GCCAG	5447360	1.7963035	8.735573	1
CCAGT	5109675	1.7717677	26.623999	26
AGAGC	5261300	1.7185503	25.741077	8
GAGCA	5233955	1.7096183	25.82609	9
ACTCC	4104900	1.7011979	31.535702	23
GGCCA	4905450	1.6176051	5.2219844	1
CACAT	3933505	1.6147581	5.010521	3
TGAAA	4730455	1.609413	17.225306	64
AGTCA	4561750	1.5668254	26.192863	28
GCCTC	4394215	1.5382228	5.1540313	1
ATCTC	4204000	1.5328374	16.560194	42
TGCTT	5623805	1.5238085	7.5835404	60
GCCAC	3845680	1.515673	7.2932305	1
CAGTC	4355200	1.5101553	26.34358	27
CCATG	4351170	1.5087578	7.224158	40
TGGGG	7327790	1.5024316	16.887596	1
AACTC	3641265	1.4947897	31.171085	22
GCCCA	3759725	1.4817961	5.6975884	1
GTCCA	4247615	1.4728504	10.116798	1
GTCAC	4219520	1.4631085	26.304962	29
CTTGA	4759720	1.4520314	8.4076	62
ACAAC	3083080	1.4249743	34.64937	32
AAAGG	4390245	1.4204748	8.274398	71
GGAAA	4370045	1.4139389	5.078169	65
GAACT	4095405	1.4066496	26.161848	21
GTCTG	5454805	1.4055928	19.857553	17
GTCTT	5055640	1.3698603	9.555304	54
GTCCT	4385245	1.350557	7.2632647	1
TTGAA	4418780	1.3352805	9.711729	63
GTTCC	4323495	1.3315394	23.062542	37
TGAAC	3694085	1.2688081	26.076815	20
GTCAG	4140415	1.2012092	7.4966555	1
GCCAT	3456225	1.1984378	5.5556445	1
GCCAA	2975105	1.161476	5.450074	1
ATGCC	3318100	1.1505433	18.922848	49
GCTTG	4451115	1.1469622	7.6115294	61
ACACG	2760420	1.0776633	29.385569	13
CACGT	3029115	1.0503384	26.065111	14
CGTCT	3256700	1.0029904	23.066593	16
GTGAA	3437925	0.9879767	5.9252687	63
CGGAA	2920045	0.953803	24.444908	4
TCGGA	3187450	0.92473686	21.746868	3
TCTCG	2668090	0.8217117	13.508276	43
ACGTC	2287140	0.79306036	25.873274	15
ATCGG	2587955	0.75081253	21.38559	2
CTCGT	2404620	0.7405689	13.544455	44
CGTTC	2389875	0.7360278	22.585558	36
TGCCG	2422045	0.709384	16.503372	50
GATCG	2444630	0.7092314	20.588757	1
CAACG	1810990	0.70700747	28.559834	33
CCGTC	1955840	0.6846542	13.3362255	52
AACGT	1973165	0.6777234	25.094648	34
ACGTT	2190215	0.6681614	22.370419	35
GTATG	2472305	0.63104147	15.092183	47
GCCGT	2135845	0.6255599	14.845209	51
TATGC	2040805	0.6225813	15.852436	48
TCGTA	1699845	0.5185659	15.572695	45
CGTAT	1471265	0.4488337	17.401129	46
>>END_MODULE
