##FastQC	0.10.1
>>Basic Statistics	pass
#Measure	Value	
Filename	SRR13389841.fastq	
File type	Conventional base calls	
Encoding	Sanger / Illumina 1.9	
Total Sequences	39855589	
Filtered Sequences	0	
Sequence length	35-75	
%GC	49	
>>END_MODULE
>>Per base sequence quality	pass
#Base	Mean	Median	Lower Quartile	Upper Quartile	10th Percentile	90th Percentile
1	30.554386713492054	32.0	32.0	32.0	32.0	32.0
2	31.263311451751473	32.0	32.0	32.0	32.0	32.0
3	31.286384050176753	32.0	32.0	32.0	32.0	32.0
4	31.35895447436494	32.0	32.0	32.0	32.0	32.0
5	31.412879056937285	32.0	32.0	32.0	32.0	32.0
6	34.71921544052454	36.0	36.0	36.0	32.0	36.0
7	34.65316159297006	36.0	36.0	36.0	32.0	36.0
8	34.649845169770295	36.0	36.0	36.0	32.0	36.0
9	34.695247785699515	36.0	36.0	36.0	32.0	36.0
10	34.66513143238204	36.0	36.0	36.0	32.0	36.0
11	34.83033541418745	36.0	36.0	36.0	32.0	36.0
12	34.79873716080322	36.0	36.0	36.0	32.0	36.0
13	34.764199520423595	36.0	36.0	36.0	32.0	36.0
14	34.75999604472035	36.0	36.0	36.0	32.0	36.0
15	34.75574198639995	36.0	36.0	36.0	32.0	36.0
16	34.761794362140776	36.0	36.0	36.0	32.0	36.0
17	34.769351947100816	36.0	36.0	36.0	32.0	36.0
18	34.75020878502134	36.0	36.0	36.0	32.0	36.0
19	34.74446284058178	36.0	36.0	36.0	32.0	36.0
20	34.73358682517526	36.0	36.0	36.0	32.0	36.0
21	34.734806051919094	36.0	36.0	36.0	32.0	36.0
22	34.68037313411677	36.0	36.0	36.0	32.0	36.0
23	34.64886337522198	36.0	36.0	36.0	32.0	36.0
24	34.64130001942764	36.0	36.0	36.0	32.0	36.0
25	34.61507945598295	36.0	36.0	36.0	32.0	36.0
26	34.537762219497	36.0	36.0	36.0	32.0	36.0
27	34.51326633260896	36.0	36.0	36.0	32.0	36.0
28	34.470427873992776	36.0	36.0	36.0	32.0	36.0
29	34.48251217664855	36.0	36.0	36.0	32.0	36.0
30	34.43421596403957	36.0	36.0	36.0	32.0	36.0
31	34.41016239905525	36.0	36.0	36.0	32.0	36.0
32	34.36130496026542	36.0	36.0	36.0	32.0	36.0
33	34.36431138930101	36.0	36.0	36.0	32.0	36.0
34	34.34247630865523	36.0	36.0	36.0	32.0	36.0
35	34.31349939402476	36.0	36.0	36.0	32.0	36.0
36	34.30424648381999	36.0	36.0	36.0	32.0	36.0
37	34.28328012188444	36.0	36.0	36.0	32.0	36.0
38	34.2463424828302	36.0	36.0	36.0	32.0	36.0
39	34.225431415493446	36.0	36.0	36.0	32.0	36.0
40	34.196050595469735	36.0	36.0	36.0	32.0	36.0
41	34.16373062114359	36.0	36.0	36.0	32.0	36.0
42	34.11726350913281	36.0	36.0	36.0	32.0	36.0
43	34.080602923523315	36.0	36.0	36.0	32.0	36.0
44	33.97623026468166	36.0	36.0	36.0	32.0	36.0
45	33.9231896904054	36.0	36.0	36.0	32.0	36.0
46	33.93198116600239	36.0	36.0	36.0	32.0	36.0
47	33.98370377611367	36.0	36.0	36.0	32.0	36.0
48	33.886373267212235	36.0	36.0	36.0	32.0	36.0
49	33.75218413610059	36.0	36.0	36.0	27.0	36.0
50	33.84445676957847	36.0	36.0	36.0	32.0	36.0
51	33.793095731570666	36.0	36.0	36.0	27.0	36.0
52	33.670916232838785	36.0	36.0	36.0	27.0	36.0
53	33.72135901382937	36.0	36.0	36.0	27.0	36.0
54	33.676198781008345	36.0	36.0	36.0	27.0	36.0
55	33.51705479360456	36.0	36.0	36.0	27.0	36.0
56	33.44232740502077	36.0	36.0	36.0	27.0	36.0
57	33.40236200370115	36.0	36.0	36.0	27.0	36.0
58	33.50330641507126	36.0	36.0	36.0	27.0	36.0
59	33.33270619383473	36.0	36.0	36.0	27.0	36.0
60	33.31094249365211	36.0	36.0	36.0	27.0	36.0
61	33.420174459320656	36.0	36.0	36.0	27.0	36.0
62	33.26610504682544	36.0	36.0	36.0	27.0	36.0
63	33.206820417493574	36.0	36.0	36.0	27.0	36.0
64	33.31017016052599	36.0	36.0	36.0	27.0	36.0
65	33.26603897560341	36.0	36.0	36.0	27.0	36.0
66	33.12699456152769	36.0	36.0	36.0	27.0	36.0
67	33.22423328526458	36.0	36.0	36.0	27.0	36.0
68	33.23749729490024	36.0	36.0	36.0	27.0	36.0
69	33.22480792268647	36.0	36.0	36.0	27.0	36.0
70	33.17835733565607	36.0	36.0	36.0	27.0	36.0
71	33.15502352094164	36.0	36.0	36.0	27.0	36.0
72	33.02202906816598	36.0	36.0	36.0	21.0	36.0
73	32.95159819145981	36.0	36.0	36.0	21.0	36.0
74	32.867427198818184	36.0	32.0	36.0	14.0	36.0
75	30.66118982839374	36.0	32.0	36.0	14.0	36.0
>>END_MODULE
>>Per sequence quality scores	pass
#Quality	Count
2	105.0
3	0.0
4	0.0
5	0.0
6	0.0
7	0.0
8	0.0
9	0.0
10	0.0
11	1.0
12	3.0
13	10.0
14	19.0
15	60.0
16	446.0
17	2244.0
18	5793.0
19	10187.0
20	17275.0
21	30285.0
22	51759.0
23	86382.0
24	144070.0
25	238527.0
26	379488.0
27	572015.0
28	826318.0
29	1135380.0
30	1493925.0
31	1945827.0
32	2658894.0
33	4058523.0
34	8093080.0
35	1.8104973E7
>>END_MODULE
>>Per base sequence content	fail
#Base	G	A	T	C
1	40.27577048693315	9.338089527942849	8.319235262709872	42.06690472241414
2	24.441398021564204	14.222804285983617	33.822628870638006	27.513168821814173
3	24.145046334686285	14.86931979290006	23.64667405856484	37.33895981384882
4	26.513595703755303	23.788117050367354	21.254865519297255	28.44342172658008
5	28.88348425068483	27.62883366675884	22.835552923601796	20.652129158954533
6	26.66847587493289	29.70648046407597	23.568966401040402	20.056077259950737
7	20.013975993868247	22.798310516063484	39.194134488493475	17.993579001574787
8	21.705667907583308	23.213410229819313	30.960339109167514	24.12058275342987
9	22.725607848596194	20.613173333938185	33.62423600225254	23.036982815213083
10	23.010030438972965	33.31161152126518	25.141182578538	18.537175461223857
11	28.468069789341914	24.340743171002515	22.426780716049013	24.764406323606558
12	26.101946987012752	21.83880665441256	26.649926851964317	25.409319506610373
13	25.286934914098484	24.55371806332115	26.753110181847827	23.40623684073254
14	24.9548123654655	24.05906108326425	26.82186789707203	24.16425865419822
15	25.315993646944662	24.433893877901674	26.353758376297115	23.896354098856545
16	25.6621579520188	23.873141871094624	25.90329164998452	24.561408526902056
17	26.830458875430786	23.650447666426206	26.186082874422944	23.333010583720064
18	25.25130245012095	23.72882351053473	27.19398729323442	23.8258867461099
19	25.646961902664323	23.926303356646088	25.50295645979352	24.923778280896073
20	25.255956109006476	23.91222574088081	27.15878168379715	23.673036466315562
21	26.16362904719511	23.765093359145283	26.01947307471838	24.05180451894123
22	25.417388446175153	25.057927196451153	25.754835002709807	23.769849354663883
23	25.19753621810965	25.114119826344567	26.262998339299727	23.42534561624606
24	24.721226420337352	23.929591626203074	26.639301556655866	24.70988039680371
25	25.38086952079599	23.87709263428911	26.60043431453673	24.14160353037817
26	25.108433263355344	24.212070186742622	26.044647913368806	24.634848636533228
27	25.354092825323036	23.421031694068155	25.79310442421673	25.431771056392076
28	25.077690015045974	25.212681230492816	25.52604321053727	24.183585543923943
29	26.18773960299576	24.14598523296581	25.823172957765138	23.843102206273294
30	25.461195060864522	24.070202399493702	26.434804614558814	24.033797925082958
31	25.47219993172257	23.885228987064774	25.338209370025567	25.304361711187084
32	24.78454225766378	25.315546737374262	26.01260302620264	23.88730797875932
33	25.175034445859616	23.73549935569419	25.9820262791662	25.10743991927999
34	26.325131716223954	23.91212597185275	25.477999865964758	24.284742445958543
35	24.97170873234797	24.399665849154285	26.717778377618057	23.910847040879684
36	25.034670646422637	23.80726502846315	27.08587671722322	24.072187607890996
37	25.59562667894057	23.89881245259975	25.40294950066925	25.102611367790427
38	25.337616867570244	23.983927713854293	26.026981849677856	24.651473568897607
39	25.266523699042754	24.828871547958283	26.115567617589804	23.78903713540916
40	25.53225463796046	24.71974167996893	25.57740860443005	24.17059507764056
41	25.355434914746077	24.068128365579373	26.868912663266237	23.70752405640831
42	25.336380382313816	24.631968597129266	25.98929543390527	24.04235558665165
43	25.31103057679899	23.88254961921393	26.48681001122973	24.31960979275735
44	25.50110042281879	24.268601774903033	25.944001946047855	24.286295856230318
45	25.049434248585374	23.857753213150882	27.083447079108847	24.009365459154896
46	25.373504851498325	24.09925011988487	25.572321037330813	24.95492399128599
47	26.254419860391128	24.1911241475177	25.95730437444485	23.59715161764632
48	25.191401490885184	23.84112045321721	26.61073630835246	24.35674174754514
49	25.425689461286225	24.960076048584902	25.51593768958012	24.098296800548756
50	25.622945000986334	24.222300127548504	26.776707717008225	23.378047154456937
51	26.344483902223804	23.552676996903045	26.034404686772245	24.068434414100903
52	25.53649201017661	23.9484560385014	25.37988090821693	25.135171043105064
53	25.527376602125162	23.928741655971862	26.128045258508426	24.415836483394546
54	26.642570704157652	23.61305297025975	25.83908200450031	23.905294321082284
55	25.689130097961915	24.096093880846148	26.217480841379736	23.997295179812205
56	25.369260801428727	24.064061686526035	26.274273225605693	24.292404286439538
57	25.770322770498762	23.45438006964296	26.468380773911104	24.306916385947176
58	25.161465475170402	24.04188469852326	26.50074959885484	24.295900227451504
59	25.66013977739134	24.132676664931857	25.919934690459407	24.2872488672174
60	25.822004446009707	23.605059185283626	26.536097959550727	24.03683840915594
61	26.59788697733828	24.146481091231138	25.170791854684182	24.0848400767464
62	25.75356194072685	24.183152724501223	25.514190992663778	24.549094342108152
63	25.84275535509842	23.743492338847723	26.355494467829367	24.058257838224495
64	25.457653419518	24.207402152544038	26.202000856697744	24.13294357124022
65	26.449428116797453	24.055408215821064	25.45949312666704	24.035670540714438
66	25.804252617171606	24.29579998873806	25.762068017503985	24.137879376586348
67	26.099025955164763	24.90919560567534	25.034452131869088	23.957326307290806
68	25.58987856607097	25.294834197742993	25.549543380250185	23.565743855935857
69	25.515762540494396	24.99554893558197	25.669585905693854	23.81910261822978
70	26.027036894598933	25.208559261339758	24.909888650727694	23.85451519333362
71	26.039798482776945	25.022422291111628	25.29431747018394	23.64346175592749
72	25.62661213199214	25.2399643264486	25.466180134465926	23.667243407093334
73	26.421543189893548	25.98938480424595	25.29810461252741	22.290967393333087
74	28.078361449615663	27.96344360106061	25.44414657438973	18.514048374933992
75	36.09031223374931	36.92327727735937	26.986410488891323	0.0
>>END_MODULE
>>Per base GC content	fail
#Base	%GC
1	82.34267520934728
2	51.954566843378366
3	61.484006148535094
4	54.957017430335384
5	49.53561340963936
6	46.72455313488363
7	38.00755499544304
8	45.82625066101318
9	45.76259066380928
10	41.54720590019682
11	53.23247611294847
12	51.51126649362312
13	48.69317175483103
14	49.11907101966372
15	49.21234774580121
16	50.22356647892086
17	50.16346945915085
18	49.077189196230854
19	50.57074018356039
20	48.92899257532204
21	50.21543356613633
22	49.18723780083904
23	48.62288183435571
24	49.43110681714107
25	49.52247305117416
26	49.74328189988857
27	50.78586388171512
28	49.26127555896992
29	50.030841809269056
30	49.49499298594748
31	50.776561642909655
32	48.671850236423104
33	50.282474365139606
34	50.6098741621825
35	48.88255577322765
36	49.106858254313636
37	50.69823804673099
38	49.98909043646785
39	49.05556083445192
40	49.70284971560102
41	49.062958971154394
42	49.378735968965465
43	49.630640369556346
44	49.78739627904911
45	49.05879970774026
46	50.32842884278431
47	49.85157147803745
48	49.54814323843033
49	49.52398626183498
50	49.00099215544327
51	50.412918316324706
52	50.67166305328167
53	49.94321308551971
54	50.547865025239936
55	49.68642527777412
56	49.661665087868265
57	50.07723915644594
58	49.4573657026219
59	49.947388644608736
60	49.85884285516565
61	50.68272705408469
62	50.302656282835
63	49.90101319332291
64	49.590596990758215
65	50.4850986575119
66	49.942131993757954
67	50.056352262455576
68	49.15562242200682
69	49.33486515872418
70	49.88155208793255
71	49.68326023870443
72	49.29385553908547
73	48.71251058322663
74	46.592409824549655
75	36.09031223374931
>>END_MODULE
>>Per sequence GC content	warn
#GC Content	Count
0	204.0
1	106.5
2	14.5
3	31.5
4	43.5
5	50.0
6	86.5
7	125.0
8	133.0
9	184.0
10	344.5
11	607.5
12	768.5
13	1049.5
14	1760.0
15	2880.0
16	3726.0
17	5257.5
18	8452.0
19	12697.0
20	15836.0
21	21213.0
22	31623.0
23	45642.0
24	57018.5
25	72852.0
26	102200.0
27	135369.0
28	159368.0
29	199203.0
30	265859.0
31	347027.0
32	410690.5
33	511485.5
34	684535.0
35	858441.5
36	969521.5
37	1095535.5
38	1262974.5
39	1470500.5
40	1641521.0
41	1718186.5
42	1818012.5
43	1918468.0
44	1976646.5
45	2038619.5
46	2096089.5
47	2103566.5
48	2092913.5
49	1982000.5
50	1844232.5
51	1711755.5
52	1602450.5
53	1615926.0
54	1590717.5
55	1489635.0
56	1449398.0
57	1439066.0
58	1401214.0
59	1344749.5
60	1261695.5
61	1191195.5
62	1060313.5
63	910862.5
64	845419.5
65	759396.5
66	617579.0
67	476340.0
68	396899.0
69	349106.5
70	289819.5
71	234875.0
72	197877.0
73	172377.5
74	139222.5
75	105529.5
76	83918.5
77	71298.0
78	56512.5
79	42497.5
80	34422.0
81	30054.0
82	24485.0
83	18777.5
84	14999.0
85	12601.0
86	10022.5
87	7532.5
88	6433.5
89	5705.0
90	4933.0
91	4824.5
92	4792.5
93	5174.0
94	6547.0
95	9856.0
96	12182.5
97	19401.5
98	144578.5
99	144628.5
100	26719.0
>>END_MODULE
>>Per base N content	pass
#Base	N-Count
1	0.05254470081975203
2	0.0011717302684950911
3	6.071921305691908E-4
4	3.2868664919241317E-4
5	2.7599642298599576E-4
6	5.46974729190428E-4
7	2.6345113103208687E-4
8	2.6345113103208687E-4
9	2.6345113103208687E-4
10	2.6345113103208687E-4
11	2.6345113103208687E-4
12	2.7599642298599576E-4
13	3.061051236753771E-4
14	2.6596018942286865E-4
15	3.0108700689381355E-4
16	2.6596018942286865E-4
17	3.311957075831949E-4
18	3.211594740200678E-4
19	3.7886781700804874E-4
20	3.0861418206615894E-4
21	3.6883158344492163E-4
22	9.760237140141123E-4
23	2.8352359815834115E-4
24	5.419566124088644E-4
25	3.5628629149101273E-4
26	4.993026197655742E-4
27	3.7635875861726696E-4
28	0.0010111505314850573
29	0.001502925976078286
30	0.0015004169176875042
31	0.0013624187061945063
32	0.001400054582056233
33	7.301359917174979E-4
34	0.001003623356312712
35	0.001342346239068252
36	0.0010738802515127912
37	0.0017864554460771723
38	0.0012846423119225946
39	0.0018040201799353313
40	0.0016986394775958486
41	0.0016484582699939796
42	0.0011366086128135986
43	0.001201844578011167
44	6.322859190904356E-4
45	0.0010513010050663425
46	0.0011767547627769034
47	0.0029305964506462466
48	0.0022907836454707955
49	0.0020674767194343263
50	0.001713698232293928
51	8.505766206947148E-4
52	0.0028829301530005408
53	0.0025115886229601903
54	0.003846420580723697
55	0.0011090141599279211
56	0.0026019198605672046
57	0.0025266499469516423
58	0.0011265810680836598
59	0.0013072375924397005
60	0.0020323686574227847
61	0.0039443072844204605
62	0.003038527118766716
63	0.002381146837095558
64	0.003798814102572949
65	0.003751171802087774
66	0.003342335893315047
67	0.0043360491270351235
68	0.005201921895589373
69	0.005478512148531674
70	0.008384900892228769
71	0.004272764756527182
72	0.004120787451172014
73	0.004824221625672202
74	0.003741721754520954
75	0.00710710683348322
>>END_MODULE
>>Sequence Length Distribution	warn
#Length	Count
35	121.0
36	10.0
37	6.0
38	22.0
39	4.0
40	4.0
41	14.0
42	5.0
43	16.0
44	8.0
45	6.0
46	5.0
47	11.0
48	11.0
49	21.0
50	9.0
51	32.0
52	31.0
53	17.0
54	19.0
55	31.0
56	41.0
57	46.0
58	64.0
59	61.0
60	67.0
61	71.0
62	91.0
63	202.0
64	330.0
65	1845.0
66	421.0
67	1291.0
68	4071.0
69	13079.0
70	46621.0
71	182804.0
72	924266.0
73	2840699.0
74	9499284.0
75	2.6339832E7
>>END_MODULE
>>Sequence Duplication Levels	fail
#Total Duplicate Percentage	65.98890638006775
#Duplication Level	Relative count
1	100.0
2	24.434158871710366
3	14.582222653031552
4	9.842243008772355
5	7.388649251199535
6	5.951630882566762
7	4.920515678767024
8	4.062666602045267
9	3.6931129743614597
10++	67.45504773905878
>>END_MODULE
>>Overrepresented sequences	warn
#Sequence	Count	Percentage	Possible Source
TGGGGGGGGGGGGGGGGGGGGGGGGGGGGGGGGGGGGGGGGGGGGGGGGGGGGGGGGGGGGGGGGGGGGGGGGGG	207489	0.5206020164449207	No Hit
GGTCATTCGAGGAGTGGTACTGTTCCCCAGGACTCCAGTTTGTATCTGAATCATAACCAGGAGACTGATGGTAAG	72088	0.18087300127467693	No Hit
GGCAGCTATCTCAGGGGGCACAGGGCTAGGGCTGAGGCATGTCACCTCAGCTGAGGTAGAAGAGCTGGATGAGGG	41626	0.10444206457468236	No Hit
>>END_MODULE
>>Kmer Content	fail
#Sequence	Count	Obs/Exp Overall	Obs/Exp Max	Max Obs/Exp Position
GGGGG	28597445	8.914211	12.183298	71
AAAAA	7984005	3.519478	14.748306	67
TTCTT	9191260	2.9563053	5.976314	6
CCAGG	7666995	2.9292707	5.9718847	2
CTCCA	7156930	2.8981447	13.609029	24
CTTCT	8340130	2.8944516	6.0346513	56
TCTTC	7745175	2.687972	5.9254627	55
CAGGA	6718320	2.5725052	5.757701	3
CCCAG	6244650	2.5514178	9.340741	1
TCCAG	6542535	2.4774232	12.745469	25
CTCCT	6590260	2.4678307	8.361579	1
CACAG	5983070	2.4499586	5.050386	1
CAGCT	6201955	2.3484578	5.6546187	3
CTTCA	6191180	2.3235254	5.119815	1
GAAGA	6025430	2.3123033	13.733701	6
TTCCA	6032125	2.2638326	12.258134	35
GGCAG	6248140	2.232266	7.705455	1
CACCA	5032985	2.2039385	5.5130243	1
GGAAG	5976630	2.139995	11.786654	5
AAGAG	5451180	2.0919309	13.344107	7
CTCAG	5484665	2.076846	6.534883	1
TTCTG	6027885	1.9562272	5.19347	57
CCCCA	4459980	1.9487025	6.7577033	1
CTCTG	5442570	1.9058015	6.5521407	1
TCCAA	4678480	1.898713	13.83508	36
GCACA	4570925	1.8717108	13.025383	11
GCCAG	4738295	1.8103244	6.1645103	1
TGGGG	5854565	1.8087153	7.245353	1
CTGAA	4631745	1.757762	12.152578	19
CACAC	3969770	1.7383578	13.738936	12
CCAGA	4225560	1.7302902	5.137556	2
TCTGA	4912245	1.7239112	11.305909	18
GAAAA	3992005	1.6419057	9.640442	65
ATCTC	4338085	1.6280663	10.40193	42
CCAGT	4279175	1.62037	11.766719	26
AAAAG	3921770	1.6130183	6.416842	71
AGCAC	3890650	1.5931506	13.168174	10
AGAGC	4128085	1.5806808	12.479968	8
GAGCA	4060115	1.5546545	12.4553995	9
GCCCA	3709830	1.5157496	5.065886	1
GCCAC	3669285	1.4991839	5.0075097	1
TGAAA	3858380	1.4675119	8.763612	64
CCCAC	3285835	1.4356824	5.115792	1
GTCAC	3607645	1.3660859	11.623909	29
ACTCC	3340330	1.3526415	12.451705	23
GTCCT	3788625	1.3266468	5.775742	1
CATTC	3490170	1.3098471	5.146585	4
GTCCA	3447660	1.3055053	6.768391	1
CAGTC	3224325	1.2209363	11.465407	27
CCAAT	2972205	1.2062387	12.057811	37
GTTCC	3435985	1.2031642	10.83838	34
GAACT	3158685	1.198731	11.591657	21
GTCTG	3645565	1.1937116	10.062954	17
AGTCA	3121750	1.1847138	11.507416	28
AATAT	3123320	1.17737	11.226109	39
GTCTT	3583035	1.1628011	5.6045203	54
TTGAA	3282160	1.1543987	5.5651402	63
GTCAG	3198695	1.1326295	5.2186522	1
TATCT	3168540	1.1020819	9.413316	41
CAATA	2596385	1.0560509	11.848871	38
AACTC	2574825	1.0449662	12.208781	22
ATGCC	2728295	1.0331075	8.871834	49
TGAAC	2657390	1.0084879	11.485676	20
CACGT	2597640	0.9836331	11.171115	14
TCTCG	2568620	0.8994427	8.987076	43
TCGGA	2325115	0.82330257	10.371455	3
ATATC	2143910	0.80638385	10.555053	40
CGGAA	1974890	0.7562031	11.204834	4
ACACG	1827645	0.74838746	11.965785	13
CTCGT	2067980	0.7241358	8.799418	44
CGTCT	1878540	0.6578003	10.24483	16
TCACG	1730375	0.65523094	11.028143	30
TGCCG	1714840	0.60586715	8.293776	50
ATCGG	1642790	0.58169734	9.992255	2
GATCG	1597840	0.5657809	9.600986	1
CCGTC	1446115	0.5463813	6.4637046	52
CGTTC	1534305	0.537261	9.958511	33
ACGTC	1391570	0.5269377	11.009847	15
GTATG	1572875	0.51616675	8.025193	47
GCCGT	1425100	0.50349957	7.5454125	51
TATGC	1393710	0.4891109	7.7618594	48
ACGTT	1376940	0.48322558	9.967811	32
CGTAT	1309770	0.45965278	8.3646965	46
TCGTA	1267250	0.4447308	8.195035	45
>>END_MODULE
