##FastQC	0.10.1
>>Basic Statistics	pass
#Measure	Value	
Filename	SRR13389818.fastq	
File type	Conventional base calls	
Encoding	Sanger / Illumina 1.9	
Total Sequences	29742070	
Filtered Sequences	0	
Sequence length	36-70	
%GC	49	
>>END_MODULE
>>Per base sequence quality	pass
#Base	Mean	Median	Lower Quartile	Upper Quartile	10th Percentile	90th Percentile
1	35.83400617374648	36.0	36.0	36.0	36.0	36.0
2	35.47098443383396	36.0	36.0	36.0	36.0	36.0
3	35.51529298397859	36.0	36.0	36.0	36.0	36.0
4	35.56055543544885	36.0	36.0	36.0	36.0	36.0
5	35.52636501090879	36.0	36.0	36.0	36.0	36.0
6	35.64576796436832	36.0	36.0	36.0	36.0	36.0
7	35.64952422612145	36.0	36.0	36.0	36.0	36.0
8	35.62452606694826	36.0	36.0	36.0	36.0	36.0
9	35.61560210839394	36.0	36.0	36.0	36.0	36.0
10	35.616263461151156	36.0	36.0	36.0	36.0	36.0
11	35.61512332530991	36.0	36.0	36.0	36.0	36.0
12	35.62026563719338	36.0	36.0	36.0	36.0	36.0
13	35.61158823175388	36.0	36.0	36.0	36.0	36.0
14	35.612337809708606	36.0	36.0	36.0	36.0	36.0
15	35.60825830212894	36.0	36.0	36.0	36.0	36.0
16	35.614777317113436	36.0	36.0	36.0	36.0	36.0
17	35.59205502508736	36.0	36.0	36.0	36.0	36.0
18	35.58427870017117	36.0	36.0	36.0	36.0	36.0
19	35.57809772487255	36.0	36.0	36.0	36.0	36.0
20	35.56500862246642	36.0	36.0	36.0	36.0	36.0
21	35.557335820943194	36.0	36.0	36.0	36.0	36.0
22	35.54765828336763	36.0	36.0	36.0	36.0	36.0
23	35.53084344835447	36.0	36.0	36.0	36.0	36.0
24	35.538897090888426	36.0	36.0	36.0	36.0	36.0
25	35.52001081296628	36.0	36.0	36.0	36.0	36.0
26	35.506249296030845	36.0	36.0	36.0	36.0	36.0
27	35.4949032128564	36.0	36.0	36.0	36.0	36.0
28	35.49564344378182	36.0	36.0	36.0	36.0	36.0
29	35.48358244735488	36.0	36.0	36.0	36.0	36.0
30	35.48042103323676	36.0	36.0	36.0	36.0	36.0
31	35.4815048515453	36.0	36.0	36.0	36.0	36.0
32	35.46002642048788	36.0	36.0	36.0	36.0	36.0
33	35.429943645482645	36.0	36.0	36.0	36.0	36.0
34	35.40307877024027	36.0	36.0	36.0	36.0	36.0
35	35.369120104955705	36.0	36.0	36.0	36.0	36.0
36	35.35986567175721	36.0	36.0	36.0	36.0	36.0
37	35.36041267632281	36.0	36.0	36.0	36.0	36.0
38	35.343362989143635	36.0	36.0	36.0	36.0	36.0
39	35.32941217763455	36.0	36.0	36.0	36.0	36.0
40	35.327327408451964	36.0	36.0	36.0	36.0	36.0
41	35.32490255925874	36.0	36.0	36.0	36.0	36.0
42	35.322915215858195	36.0	36.0	36.0	36.0	36.0
43	35.31162503835714	36.0	36.0	36.0	36.0	36.0
44	35.276853562570594	36.0	36.0	36.0	36.0	36.0
45	35.286919315920514	36.0	36.0	36.0	36.0	36.0
46	35.280979073355624	36.0	36.0	36.0	36.0	36.0
47	35.24186535041125	36.0	36.0	36.0	36.0	36.0
48	35.23077563057535	36.0	36.0	36.0	36.0	36.0
49	35.20994481582254	36.0	36.0	36.0	36.0	36.0
50	35.17029257439883	36.0	36.0	36.0	32.0	36.0
51	35.14201676757272	36.0	36.0	36.0	32.0	36.0
52	35.13636443132312	36.0	36.0	36.0	32.0	36.0
53	35.14750726930659	36.0	36.0	36.0	32.0	36.0
54	35.1056653921894	36.0	36.0	36.0	32.0	36.0
55	35.11400635813953	36.0	36.0	36.0	32.0	36.0
56	35.1259264738424	36.0	36.0	36.0	32.0	36.0
57	35.082107870845775	36.0	36.0	36.0	32.0	36.0
58	35.074143043221106	36.0	36.0	36.0	32.0	36.0
59	35.09362059092904	36.0	36.0	36.0	32.0	36.0
60	35.095136470554785	36.0	36.0	36.0	32.0	36.0
61	35.05448150239124	36.0	36.0	36.0	32.0	36.0
62	35.07354411951913	36.0	36.0	36.0	32.0	36.0
63	35.072352163115745	36.0	36.0	36.0	32.0	36.0
64	35.065719168002914	36.0	36.0	36.0	32.0	36.0
65	35.05301661627656	36.0	36.0	36.0	32.0	36.0
66	35.05336826457906	36.0	36.0	36.0	32.0	36.0
67	35.064388018627454	36.0	36.0	36.0	32.0	36.0
68	35.101320049722474	36.0	36.0	36.0	32.0	36.0
69	35.2936956893078	36.0	36.0	36.0	32.0	36.0
70	35.251845719006035	36.0	36.0	36.0	32.0	36.0
>>END_MODULE
>>Per sequence quality scores	pass
#Quality	Count
31	256.0
32	48546.0
33	1003679.0
34	6092967.0
35	2.0329282E7
36	2267340.0
>>END_MODULE
>>Per base sequence content	fail
#Base	G	A	T	C
1	26.31125540354118	28.66400018559569	24.030334808572505	20.994409602290627
2	20.40813568120847	22.739994223670376	39.36387413518965	17.487995959931503
3	22.72612834278179	22.12725274333629	30.943179139851395	24.20343977403052
4	22.27198039679148	21.16225602320215	33.25664286312284	23.309120716883523
5	23.897654063755482	32.29958103117907	25.117848219710332	18.68491668535512
6	28.310044603823627	24.498359545867505	22.31893483940206	24.872661010906807
7	26.350753417684338	22.19298940477172	26.88044758689947	24.57580959064447
8	25.652853918996282	23.603315801823726	27.30360670628575	23.440223572894244
9	25.12996573540443	24.125022232817017	27.357937762906214	23.38707426887234
10	25.79590209410112	23.629516157736035	26.578090448246893	23.996491299915952
11	26.269789771518585	23.86949609995189	26.16236953790942	23.698344590620106
12	26.046420737883185	24.141259654848295	26.37823711692791	23.434082490340614
13	25.851700974410996	24.123610091698392	26.282350219739243	23.742338714151366
14	26.258698246728528	24.216838801700906	25.856473208964665	23.6679897426059
15	25.844610877609085	24.501725148980054	26.22330679146767	23.430357181943194
16	25.77387234571928	24.18803680311209	26.24371554751606	23.794375303652572
17	25.98655208937067	24.376879874122864	25.917313344373603	23.71925469213286
18	25.856559412307213	24.329967618259253	26.4562486740163	23.357224295417232
19	25.736786309762564	24.186796682275308	26.216181321609422	23.8602356863527
20	26.066812166524535	24.349594654951364	25.66115106723581	23.922442111288294
21	25.765167850293132	24.516397968144048	26.124483807767373	23.593950373795447
22	25.71941697400349	24.1489580247777	26.155499600397686	23.97612540082113
23	25.969893602831895	24.22886370546537	25.8368294775636	23.96441321413913
24	25.94403844629199	24.20935710509917	26.1265005768598	23.72010387174904
25	25.91350343878321	24.001366280568114	25.952162494724224	24.132967785924453
26	26.12977876248123	24.26914784859234	25.459515886961704	24.141557501964726
27	25.745349372079453	24.254215217581272	26.233224135558338	23.76721127478094
28	25.86849397788855	23.767980429062412	26.108107508356852	24.255418084692185
29	26.263676334565815	24.17283665864548	25.503947774986745	24.059539231801956
30	25.907638940116385	24.255049869111275	26.05575915425893	23.78155203651341
31	25.87792744047866	23.995277395836503	25.897320848434703	24.229474315250137
32	26.275074107233277	23.97820377865187	25.583372974197193	24.16334913991766
33	26.046891530704624	24.219859174241197	25.857855836335432	23.87539345871875
34	25.992216514682664	23.831009578189672	25.892044858127306	24.284729049000358
35	26.18639994633854	24.053723327084597	25.54029039390909	24.219586332667774
36	26.016031939745282	24.11262617383234	25.870685306567953	24.000656579854425
37	25.78993861396537	23.93311509249211	26.033723535696645	24.243222757845874
38	26.216181958930523	23.943782284536763	25.631527048038993	24.20850870849372
39	25.931888065147486	24.234788978946025	26.01848148171934	23.814841474187148
40	25.793501248323135	23.842036267731217	26.118633571890072	24.245828912055575
41	26.108865640870732	23.9986848228184	25.578471919194147	24.313977617116727
42	25.835745295529144	24.179868242855793	25.994090887036673	23.990295574578386
43	25.725033392462137	23.874423140799582	26.034282927794543	24.366260538943738
44	26.081528026867485	23.97837629065305	25.60820508527739	24.331890597202076
45	25.858333206677887	24.229532216987447	26.144634258740158	23.767500317594507
46	25.744508180483994	23.93650133946289	26.006794015435116	24.312196464618
47	25.965037496970655	24.07860617227165	25.811602779113645	24.14475355164405
48	25.87701689459531	24.187623305729407	26.082402343364336	23.852957456310943
49	25.74855685774342	23.905325601041515	26.04376840965836	24.302349131556706
50	26.107757675179638	24.032006082823425	25.49646278194406	24.36377346005287
51	25.634030003041186	24.19894077898943	26.12593862107268	24.0410905968967
52	25.685598816542164	23.74802392828269	26.014156211191303	24.55222104398384
53	25.878089461586423	23.971188938984124	25.790937684671217	24.35978391475823
54	25.643688674736293	24.130309862323568	26.179684437381507	24.046317025558636
55	25.646667646504202	23.864276935178488	26.134787554496373	24.354267863820933
56	25.89913045808577	24.143675308280784	25.697112325610664	24.260081908022777
57	25.52458485886976	24.271675754200402	26.109035802360193	24.094703584569647
58	25.438065241485237	23.86115853830756	26.31441329048364	24.386362929723564
59	25.817098855978493	23.98496725203218	25.718352131044327	24.479581760944995
60	25.617781666304463	24.25224771198409	26.05321266869462	24.076757953016827
61	25.514499483043252	23.907585783648948	26.188466156537903	24.389448576769897
62	25.91153853921836	24.10335199120808	25.65546792966545	24.329641539908113
63	25.766417441237248	24.147084771450462	26.15618078475517	23.930317002557118
64	25.644762237181528	23.945022809113098	26.026791509246344	24.383423444459034
65	25.94713553973218	24.106949695588142	25.79114343504758	24.154771329632094
66	25.72306117117435	24.19046769056285	26.068455994119187	24.01801514414361
67	25.617501561755212	24.204387238532366	26.13213117304522	24.045980026667205
68	26.441615348018395	25.008078161599656	25.918780381950228	22.631526108431718
69	28.25438008689761	26.77208454377275	26.410312882199406	18.563222487130233
70	36.3413742487043	33.540346868671236	30.118278882624466	0.0
>>END_MODULE
>>Per base GC content	fail
#Base	%GC
1	47.305665005831806
2	37.896131641139974
3	46.92956811681231
4	45.581101113675004
5	42.5825707491106
6	53.18270561473043
7	50.926563008328806
8	49.093077491890526
9	48.517040004276765
10	49.792393394017076
11	49.96813436213869
12	49.480503228223796
13	49.59403968856236
14	49.926687989334425
15	49.27496805955228
16	49.56824764937185
17	49.705806781503526
18	49.213783707724446
19	49.59702199611527
20	49.989254277812826
21	49.359118224088576
22	49.69554237482462
23	49.93430681697103
24	49.66414231804103
25	50.046471224707666
26	50.27133626444596
27	49.51256064686039
28	50.123912062580736
29	50.32321556636777
30	49.689190976629796
31	50.107401755728795
32	50.43842324715093
33	49.922284989423375
34	50.276945563683014
35	50.40598627900631
36	50.016688519599704
37	50.03316137181124
38	50.424690667424244
39	49.74672953933463
40	50.03933016037871
41	50.42284325798746
42	49.82604087010753
43	50.09129393140588
44	50.413418624069564
45	49.625833524272394
46	50.05670464510199
47	50.1097910486147
48	49.72997435090626
49	50.050905989300134
50	50.4715311352325
51	49.67512059993789
52	50.237819860526
53	50.23787337634465
54	49.690005700294925
55	50.00093551032514
56	50.159212366108555
57	49.61928844343941
58	49.8244281712088
59	50.296680616923496
60	49.69453961932129
61	49.90394805981315
62	50.241180079126465
63	49.69673444379437
64	50.02818568164056
65	50.10190686936428
66	49.74107631531796
67	49.663481588422414
68	49.07314145645012
69	46.81760257402784
70	36.3413742487043
>>END_MODULE
>>Per sequence GC content	warn
#GC Content	Count
0	245.0
1	296.0
2	353.5
3	383.0
4	622.5
5	878.0
6	1052.5
7	1321.0
8	1640.0
9	2192.0
10	2862.5
11	3606.0
12	4744.5
13	6111.5
14	8239.0
15	11407.5
16	15059.0
17	18760.0
18	24593.0
19	32590.5
20	39993.5
21	52374.5
22	71849.5
23	86263.5
24	106095.5
25	137514.5
26	169455.0
27	197908.5
28	238964.5
29	298790.0
30	350256.0
31	419643.5
32	512691.0
33	586560.5
34	687719.5
35	813765.0
36	952487.5
37	1071214.0
38	1173654.5
39	1310251.5
40	1416951.5
41	1492652.0
42	1549071.0
43	1586998.5
44	1604482.5
45	1581879.5
46	1548799.5
47	1533496.0
48	1517503.5
49	1482354.5
50	1452167.5
51	1412208.5
52	1358427.0
53	1330653.0
54	1299887.5
55	1249882.0
56	1190063.5
57	1145793.0
58	1103762.0
59	1035239.0
60	977657.5
61	924794.5
62	846867.0
63	773161.5
64	697131.5
65	612379.5
66	532241.0
67	464201.5
68	411785.5
69	352812.5
70	304448.0
71	269368.5
72	228906.5
73	191149.5
74	160901.0
75	130964.0
76	103860.5
77	85971.0
78	72049.0
79	56561.0
80	45113.5
81	36968.5
82	29554.0
83	22943.0
84	18722.5
85	14757.0
86	10748.0
87	8419.0
88	6471.0
89	4458.0
90	3267.5
91	2265.0
92	1476.5
93	961.0
94	541.0
95	345.5
96	267.0
97	252.0
98	382.0
99	230063.0
100	459642.0
>>END_MODULE
>>Per base N content	pass
#Base	N-Count
1	0.0
2	0.0
3	0.0
4	0.0
5	0.0
6	3.362240758629107E-6
7	6.724481517258214E-6
8	1.008672227588732E-5
9	0.0
10	3.362240758629107E-6
11	3.362240758629107E-6
12	6.052033365532392E-5
13	0.0
14	4.370912986217839E-5
15	3.362240758629107E-6
16	6.724481517258214E-5
17	1.7483651944871355E-4
18	0.0
19	0.0
20	6.724481517258214E-6
21	3.362240758629107E-6
22	0.0
23	6.388257441395303E-5
24	2.6897926069032856E-5
25	3.026016682766196E-5
26	2.6897926069032856E-5
27	3.6984648344920174E-5
28	3.362240758629107E-5
29	0.0
30	4.034688910354928E-5
31	1.6811203793145535E-5
32	1.1431618579338963E-4
33	2.2863237158677927E-4
34	4.1691785407000926E-4
35	1.8492324172460087E-4
36	2.2527013082815017E-4
37	4.401425736910397E-5
38	3.410059559759265E-5
39	1.3737353006459199E-5
40	4.496652346097231E-5
41	1.4630088148719444E-4
42	3.964325004204641E-4
43	4.240310854361859E-5
44	1.601574411709687E-4
45	6.452254428451057E-5
46	5.054370039022986E-5
47	4.218518686073986E-4
48	6.960599344238273E-5
49	3.285080059615714E-4
50	2.2315185632590885E-5
51	2.4362428682269592E-4
52	3.7773452885304426E-5
53	4.948991129123747E-5
54	3.4528628779527684E-5
55	9.66435352297965E-5
56	2.7265985492236534E-4
57	3.454329059386197E-4
58	2.3734470140612493E-5
59	5.380938134278083E-4
60	7.63103143671678E-5
61	5.6674944177204086E-5
62	6.120230708216777E-5
63	2.5085467421215595E-4
64	7.462556312760876E-5
65	4.7666698388715067E-4
66	5.910532272983844E-5
67	4.7118209607411504E-5
68	1.7324594807712322E-4
69	9.865198475215193E-6
70	0.0
>>END_MODULE
>>Sequence Length Distribution	warn
#Length	Count
36	206186.0
37	210883.0
38	207310.0
39	207295.0
40	202435.0
41	203739.0
42	204410.0
43	202460.0
44	200126.0
45	198423.0
46	200999.0
47	201304.0
48	204314.0
49	204666.0
50	207093.0
51	206808.0
52	205639.0
53	202653.0
54	197068.0
55	195246.0
56	197733.0
57	195592.0
58	191126.0
59	190224.0
60	196064.0
61	193394.0
62	192012.0
63	196447.0
64	204353.0
65	229538.0
66	340991.0
67	834190.0
68	2238062.0
69	7490870.0
70	1.2782417E7
>>END_MODULE
>>Sequence Duplication Levels	fail
#Total Duplicate Percentage	54.19776119402985
#Duplication Level	Relative count
1	100.0
2	24.87032596590852
3	13.086793815777593
4	8.479728712891154
5	6.178202722903896
6	4.697360368404683
7	3.5405776890431713
8	2.8784124085760436
9	2.3908179747775224
10++	34.53392593781666
>>END_MODULE
>>Overrepresented sequences	warn
#Sequence	Count	Percentage	Possible Source
GGGGGGGGGGGGGGGGGGGGGGGGGGGGGGGGGGGGGGGGGGGGGGGGGGGGGGGGGGGGGGGGGGGGGG	201378	0.6770813194912123	No Hit
>>END_MODULE
>>Kmer Content	fail
#Sequence	Count	Obs/Exp Overall	Obs/Exp Max	Max Obs/Exp Position
GGGGG	28346130	13.564614	15.871123	66
TTCTT	6018330	2.889903	5.8127127	1
TCTTC	5331945	2.8635898	6.1434803	2
CTTCA	4341075	2.5331562	5.3007836	1
>>END_MODULE
