##FastQC	0.10.1
>>Basic Statistics	pass
#Measure	Value	
Filename	SRR13389834.fastq	
File type	Conventional base calls	
Encoding	Sanger / Illumina 1.9	
Total Sequences	28935247	
Filtered Sequences	0	
Sequence length	36-70	
%GC	47	
>>END_MODULE
>>Per base sequence quality	pass
#Base	Mean	Median	Lower Quartile	Upper Quartile	10th Percentile	90th Percentile
1	35.82831928132495	36.0	36.0	36.0	36.0	36.0
2	35.453260343690864	36.0	36.0	36.0	36.0	36.0
3	35.500092430522535	36.0	36.0	36.0	36.0	36.0
4	35.55000263173838	36.0	36.0	36.0	36.0	36.0
5	35.49828660526036	36.0	36.0	36.0	36.0	36.0
6	35.63225535970023	36.0	36.0	36.0	36.0	36.0
7	35.63560473494489	36.0	36.0	36.0	36.0	36.0
8	35.606992710309335	36.0	36.0	36.0	36.0	36.0
9	35.60043555183752	36.0	36.0	36.0	36.0	36.0
10	35.60197063463809	36.0	36.0	36.0	36.0	36.0
11	35.60284216685622	36.0	36.0	36.0	36.0	36.0
12	35.608982739977996	36.0	36.0	36.0	36.0	36.0
13	35.60055257174753	36.0	36.0	36.0	36.0	36.0
14	35.60048898148338	36.0	36.0	36.0	36.0	36.0
15	35.59789626126226	36.0	36.0	36.0	36.0	36.0
16	35.60388041615819	36.0	36.0	36.0	36.0	36.0
17	35.58061000827123	36.0	36.0	36.0	36.0	36.0
18	35.57328935191049	36.0	36.0	36.0	36.0	36.0
19	35.568749801928426	36.0	36.0	36.0	36.0	36.0
20	35.55778649478955	36.0	36.0	36.0	36.0	36.0
21	35.5510935158079	36.0	36.0	36.0	36.0	36.0
22	35.54187437902293	36.0	36.0	36.0	36.0	36.0
23	35.52398508988017	36.0	36.0	36.0	36.0	36.0
24	35.532646187537296	36.0	36.0	36.0	36.0	36.0
25	35.515909644731906	36.0	36.0	36.0	36.0	36.0
26	35.50272914552967	36.0	36.0	36.0	36.0	36.0
27	35.48962139497202	36.0	36.0	36.0	36.0	36.0
28	35.49268851929966	36.0	36.0	36.0	36.0	36.0
29	35.48230861827445	36.0	36.0	36.0	36.0	36.0
30	35.477401212438245	36.0	36.0	36.0	36.0	36.0
31	35.47856598562991	36.0	36.0	36.0	36.0	36.0
32	35.45813187632371	36.0	36.0	36.0	36.0	36.0
33	35.42828557848495	36.0	36.0	36.0	36.0	36.0
34	35.39924563284357	36.0	36.0	36.0	36.0	36.0
35	35.365451761998095	36.0	36.0	36.0	36.0	36.0
36	35.36240350739014	36.0	36.0	36.0	36.0	36.0
37	35.356982356625835	36.0	36.0	36.0	36.0	36.0
38	35.348638990672654	36.0	36.0	36.0	36.0	36.0
39	35.33284008701059	36.0	36.0	36.0	36.0	36.0
40	35.3329490614564	36.0	36.0	36.0	36.0	36.0
41	35.32835624013913	36.0	36.0	36.0	36.0	36.0
42	35.32523493118434	36.0	36.0	36.0	36.0	36.0
43	35.313665519507985	36.0	36.0	36.0	36.0	36.0
44	35.27514073957107	36.0	36.0	36.0	36.0	36.0
45	35.285095496514806	36.0	36.0	36.0	36.0	36.0
46	35.280374409359474	36.0	36.0	36.0	36.0	36.0
47	35.244814568445555	36.0	36.0	36.0	36.0	36.0
48	35.232015780689345	36.0	36.0	36.0	36.0	36.0
49	35.20923232631163	36.0	36.0	36.0	36.0	36.0
50	35.172093473467164	36.0	36.0	36.0	32.0	36.0
51	35.14312466916843	36.0	36.0	36.0	32.0	36.0
52	35.13461429445407	36.0	36.0	36.0	32.0	36.0
53	35.14946089693583	36.0	36.0	36.0	32.0	36.0
54	35.104740290534124	36.0	36.0	36.0	32.0	36.0
55	35.115453311837726	36.0	36.0	36.0	32.0	36.0
56	35.122656247782636	36.0	36.0	36.0	32.0	36.0
57	35.08543596533121	36.0	36.0	36.0	32.0	36.0
58	35.07534913424254	36.0	36.0	36.0	32.0	36.0
59	35.09850207027032	36.0	36.0	36.0	32.0	36.0
60	35.09874796122079	36.0	36.0	36.0	32.0	36.0
61	35.05183945946713	36.0	36.0	36.0	32.0	36.0
62	35.074895191566775	36.0	36.0	36.0	32.0	36.0
63	35.0727810164145	36.0	36.0	36.0	32.0	36.0
64	35.06610735930515	36.0	36.0	36.0	32.0	36.0
65	35.051508013470844	36.0	36.0	36.0	32.0	36.0
66	35.0515530705715	36.0	36.0	36.0	32.0	36.0
67	35.05545205996131	36.0	36.0	36.0	32.0	36.0
68	35.095865197148726	36.0	36.0	36.0	32.0	36.0
69	35.275719250857264	36.0	36.0	36.0	32.0	36.0
70	35.2415186264671	36.0	36.0	36.0	32.0	36.0
>>END_MODULE
>>Per sequence quality scores	pass
#Quality	Count
31	271.0
32	47580.0
33	996376.0
34	5966644.0
35	1.9799534E7
36	2124842.0
>>END_MODULE
>>Per base sequence content	fail
#Base	G	A	T	C
1	24.36300267283013	29.907026541021057	25.32420061940373	20.40577016674508
2	18.444483988679966	22.706728579161602	41.56406890184832	17.28471853031011
3	20.973762553331582	22.42187529969936	32.14184416673547	24.46251798023359
4	20.360589975264425	21.592278095984458	34.84761681833924	23.199515110411877
5	22.184158303538933	33.562267500256695	26.05395765240919	18.199616543795187
6	27.029294064778504	25.312744003878727	22.99738447022761	24.660577461115157
7	24.805439704919046	22.88692482517688	28.112620850018	24.195014619886074
8	23.907128621414078	24.48013916868992	28.770170384600867	22.84256182529513
9	23.443497821186735	24.936469351721794	28.584915829472614	23.035116997618857
10	24.27551767572608	24.413729732460897	27.82992659437122	23.480825997441805
11	24.67559720502818	24.62369510790767	27.449777774490748	23.250929912573408
12	24.505256410340596	24.996581158594807	27.549478506157943	22.948683924906657
13	24.317812019066164	24.89161400856388	27.446056008584414	23.344517963785545
14	24.633456432376896	25.05103379661276	27.182818651182984	23.13269111982736
15	24.26423983153555	25.221691581380824	27.5529903946896	22.961078192394023
16	24.240683573481135	24.998012803489836	27.54110939340533	23.220194229623704
17	24.339105161218683	25.30894808714133	27.201459564770257	23.15048718686972
18	24.148537594996164	25.244249686204512	27.70918112432218	22.898031594477146
19	24.074904216300624	25.04960472602843	27.525802700077172	23.349688357593767
20	24.334147657438105	25.21637972017793	27.000104094508416	23.449368527875556
21	23.991690826071054	25.42741038291465	27.460830038879568	23.120068752134724
22	24.111278538593435	25.012290373743827	27.385748599277555	23.490682488385186
23	24.27014937773447	25.04642436647139	27.213653968469448	23.4697722873247
24	24.2657879133939	25.149136506092436	27.401480326616312	23.18359525389736
25	24.26075776532407	24.936166068514797	27.291805928812472	23.51127023734866
26	24.321521140206812	25.108737642491462	27.006053725073393	23.563687492228336
27	24.081544588696474	25.08024731229953	27.50069059396334	23.337517505040655
28	24.144745300194504	24.695506240832977	27.387738964667307	23.772009494305212
29	24.545663098907124	25.05204897860554	26.83665105180029	23.56563687068705
30	24.2471704740891	25.14941298560689	27.319179287150103	23.284237253153904
31	24.241317905687467	24.909198962289654	27.19815510787848	23.651328024144398
32	24.537037213036893	24.845685407007082	27.018374050797423	23.598903329158606
33	24.270440148544406	25.168170683264314	27.212951041683297	23.348438126507983
34	24.306506749008065	24.838354857161402	27.184588455953957	23.67054993787658
35	24.407682695500835	25.06999690238975	26.882791826387013	23.6395285757224
36	24.220351397120936	25.03458851461213	27.25104589799899	23.49401419026795
37	24.129891735427414	24.822034164610216	27.3012281148593	23.746845985103075
38	24.44137348673232	24.936887239913716	26.913864355453644	23.70787491790032
39	24.131919789380067	25.149036187948642	27.34672882683851	23.372315195832773
40	24.106803966841206	24.74390199521957	27.400176472745663	23.749117565193558
41	24.389771688595687	24.96564537365154	26.974108498385668	23.670474439367105
42	24.235132454432776	25.16187865994077	27.253826856030532	23.34916202959592
43	24.26419144579922	24.82567680769589	27.25615358827313	23.653978158231762
44	24.429818836488774	24.84464657509331	26.992105410232575	23.733429178185343
45	24.160636066042784	25.094854753354085	27.4402098751721	23.304299305431037
46	24.222723060169287	24.82242361028777	27.17009036511516	23.784762964427777
47	24.341538256436568	25.01807891312543	27.024077396606632	23.616305433831364
48	24.3083212253452	25.080970485749187	27.29320956841646	23.31749872048915
49	24.08462924480994	24.9276109185216	27.22783736700055	23.75992246966791
50	24.427779418612488	24.973098689939324	26.8526374089822	23.74648448246599
51	24.093790968676114	25.116655395390914	27.36652541916371	23.423028216769257
52	24.126144503870766	24.859321045804194	27.18106421047917	23.833470239845862
53	24.240733806260675	25.02172703652209	27.03688549588969	23.70065366132754
54	24.022802842125323	25.133010016113356	27.399779799866746	23.44440734189457
55	24.035144977216778	24.816481271289838	27.333998769744085	23.8143749817493
56	24.237965199015957	25.108679371001013	26.95309562765282	23.700259802330205
57	23.916024023864836	25.244195671374907	27.40994625642903	23.42983404833123
58	23.917590288210185	24.83167891334147	27.467797379564985	23.782933418883363
59	24.195231536620724	24.99403187628241	26.99782890331852	23.81290768377834
60	24.114320486197013	25.138340914282914	27.336308858618192	23.41102974090188
61	24.07205875685121	24.823584620339055	27.2996239671803	23.80473265562944
62	24.470350883322077	24.96222223663354	26.919733157217713	23.647693722826673
63	24.26400839815371	25.09319031264301	27.29157097469499	23.351230314508292
64	24.19078941636867	24.8979797385264	27.159749545968666	23.751481299136262
65	24.434917632846144	25.138295605753864	26.92840373112314	23.49838303027685
66	24.19938841375913	25.241124249668278	27.14411962411961	23.41536771245298
67	24.24312449058493	25.206613946573636	27.199194830613767	23.351066732227665
68	24.96944797646371	25.950094969544047	27.177357268290088	21.903099785702157
69	26.72088269371608	27.746428976786973	27.875681742175267	17.65700658732167
70	33.79882236933614	34.57531518229624	31.62586244836762	0.0
>>END_MODULE
>>Per base GC content	fail
#Base	%GC
1	44.768772839575206
2	35.72920251899007
3	45.436280533565174
4	43.560105085676305
5	40.38377484733412
6	51.68987152589366
7	49.00045432480512
8	46.74969044670921
9	46.47861481880559
10	47.75634367316788
11	47.92652711760159
12	47.45394033524725
13	47.66232998285171
14	47.76614755220426
15	47.225318023929574
16	47.460877803104836
17	47.48959234808841
18	47.04656918947331
19	47.424592573894394
20	47.783516185313665
21	47.11175957820578
22	47.601961026978614
23	47.73992166505917
24	47.44938316729126
25	47.77202800267273
26	47.885208632435145
27	47.41906209373713
28	47.91675479449972
29	48.11129996959417
30	47.53140772724301
31	47.892645929831865
32	48.1359405421955
33	47.61887827505239
34	47.977056686884644
35	48.04721127122323
36	47.71436558738889
37	47.876737720530485
38	48.14924840463264
39	47.50423498521285
40	47.85592153203476
41	48.06024612796279
42	47.5842944840287
43	47.91816960403098
44	48.16324801467412
45	47.46493537147382
46	48.007486024597064
47	47.95784369026793
48	47.62581994583435
49	47.844551714477845
50	48.174263901078476
51	47.51681918544537
52	47.959614743716635
53	47.941387467588214
54	47.4672101840199
55	47.84951995896608
56	47.93822500134616
57	47.34585807219606
58	47.700523707093545
59	48.008139220399066
60	47.5253502270989
61	47.87679141248065
62	48.11804460614874
63	47.615238712662
64	47.94227071550493
65	47.933300663123
66	47.61475612621211
67	47.59419122281259
68	46.872547762165865
69	44.37788928103775
70	33.79882236933614
>>END_MODULE
>>Per sequence GC content	fail
#GC Content	Count
0	802.0
1	710.5
2	622.0
3	684.5
4	984.5
5	1267.5
6	1479.0
7	1814.0
8	2281.0
9	3004.5
10	3657.0
11	4241.0
12	5328.5
13	6676.0
14	8776.0
15	11982.5
16	15471.5
17	19039.5
18	24971.5
19	33286.5
20	40964.0
21	53246.0
22	74455.5
23	91800.0
24	114615.5
25	153515.5
26	198696.5
27	240965.5
28	300576.5
29	386861.5
30	462291.0
31	559615.5
32	694249.0
33	804836.5
34	931268.0
35	1079694.0
36	1227759.5
37	1344242.0
38	1433910.0
39	1531026.0
40	1590650.0
41	1609651.5
42	1609616.0
43	1609831.0
44	1584126.0
45	1527092.5
46	1466516.0
47	1430581.0
48	1395342.5
49	1336429.0
50	1298976.5
51	1259322.5
52	1206759.0
53	1180098.5
54	1143254.5
55	1092553.5
56	1043335.0
57	1001732.0
58	963192.5
59	904373.5
60	851170.5
61	798883.5
62	725712.5
63	656259.5
64	586055.5
65	511202.0
66	440594.5
67	383921.0
68	339991.5
69	287984.0
70	244312.5
71	211485.5
72	176372.5
73	146079.0
74	121922.0
75	98236.5
76	77336.0
77	63082.0
78	51299.5
79	38575.0
80	29787.0
81	24152.5
82	18809.0
83	13994.0
84	11269.0
85	8706.0
86	6096.0
87	4649.5
88	3583.5
89	2537.5
90	1940.0
91	1362.0
92	880.0
93	592.5
94	327.5
95	188.5
96	128.0
97	89.0
98	100.5
99	49128.0
100	98137.0
>>END_MODULE
>>Per base N content	pass
#Base	N-Count
1	0.0
2	0.0
3	0.0
4	0.0
5	0.0
6	0.0
7	3.4559926168938526E-6
8	1.0367977850681557E-5
9	0.0
10	0.0
11	0.0
12	2.0735955701363114E-5
13	1.382397046757541E-5
14	3.455992616893853E-5
15	1.0367977850681557E-5
16	3.8015918785832376E-5
17	1.5897566037711722E-4
18	0.0
19	0.0
20	1.0367977850681557E-5
21	0.0
22	0.0
23	3.8015918785832376E-5
24	3.8015918785832376E-5
25	3.110393355204467E-5
26	1.7279963084469266E-5
27	3.455992616893853E-5
28	2.419194831825697E-5
29	3.4559926168938526E-6
30	3.8015918785832376E-5
31	1.7279963084469266E-5
32	1.313277194419664E-4
33	2.1081554963052503E-4
34	3.663352173907484E-4
35	1.313277194419664E-4
36	2.2118352748120657E-4
37	2.4359688195991095E-5
38	2.102648496045619E-5
39	1.058746191116463E-5
40	2.8431238197482242E-5
41	1.5746255674601624E-4
42	3.315679143891645E-4
43	5.081115840621801E-5
44	1.9007129684000986E-4
45	4.78548264206055E-5
46	3.3366117397349416E-5
47	3.6596478231275774E-4
48	4.5139271580051304E-5
49	2.956039822252567E-4
50	1.9091802934410113E-5
51	2.501016470809502E-4
52	3.489709273871376E-5
53	3.516806976844874E-5
54	3.543992304968886E-5
55	5.554557939316137E-5
56	1.83885233548038E-4
57	2.859956547995388E-4
58	2.841203935002508E-5
59	3.966465943044248E-4
60	1.0711714755605431E-4
61	7.473814866796273E-5
62	9.204640795796425E-5
63	1.3913702243483297E-4
64	1.0624332526309035E-4
65	3.6852409954778664E-4
66	6.92142559737851E-5
67	7.901730219917005E-5
68	1.639091009298973E-4
69	1.0120404988246414E-5
70	0.0
>>END_MODULE
>>Sequence Length Distribution	warn
#Length	Count
36	199247.0
37	200560.0
38	200037.0
39	197339.0
40	194913.0
41	196196.0
42	193952.0
43	194848.0
44	192661.0
45	192023.0
46	194938.0
47	194143.0
48	197736.0
49	197404.0
50	199817.0
51	199319.0
52	198718.0
53	196307.0
54	190563.0
55	188923.0
56	190051.0
57	188109.0
58	182424.0
59	182528.0
60	188405.0
61	183099.0
62	183360.0
63	186737.0
64	194560.0
65	219705.0
66	336804.0
67	816428.0
68	2201338.0
69	7187824.0
70	1.2574231E7
>>END_MODULE
>>Sequence Duplication Levels	fail
#Total Duplicate Percentage	51.79634620576631
#Duplication Level	Relative count
1	100.0
2	23.5995244131317
3	12.957776926175947
4	8.805235386021284
5	6.373257082215606
6	4.856095667639458
7	3.8174689738525482
8	3.1139148463677544
9	2.5774056932857747
10++	30.422820308738416
>>END_MODULE
>>Overrepresented sequences	warn
#Sequence	Count	Percentage	Possible Source
GGGGGGGGGGGGGGGGGGGGGGGGGGGGGGGGGGGGGGGGGGGGGGGGGGGGGGGGGGGGGGGGGGGGGG	45215	0.15626270617285554	No Hit
>>END_MODULE
>>Kmer Content	warn
#Sequence	Count	Obs/Exp Overall	Obs/Exp Max	Max Obs/Exp Position
GGGGG	7990535	5.459515	6.9214296	66
TCTTC	5560835	2.7835894	5.9326253	2
TTCTT	6146115	2.5656254	5.165694	1
CTTCA	4341540	2.388004	5.0843987	1
>>END_MODULE
