##FastQC	0.10.1
>>Basic Statistics	pass
#Measure	Value	
Filename	SRR13389817.fastq	
File type	Conventional base calls	
Encoding	Sanger / Illumina 1.9	
Total Sequences	38972036	
Filtered Sequences	0	
Sequence length	36-70	
%GC	48	
>>END_MODULE
>>Per base sequence quality	pass
#Base	Mean	Median	Lower Quartile	Upper Quartile	10th Percentile	90th Percentile
1	35.83124032832157	36.0	36.0	36.0	36.0	36.0
2	35.463138107539464	36.0	36.0	36.0	36.0	36.0
3	35.50273893824793	36.0	36.0	36.0	36.0	36.0
4	35.55232972688417	36.0	36.0	36.0	36.0	36.0
5	35.525559454989725	36.0	36.0	36.0	36.0	36.0
6	35.64295327039111	36.0	36.0	36.0	36.0	36.0
7	35.64518543501294	36.0	36.0	36.0	36.0	36.0
8	35.6209854676312	36.0	36.0	36.0	36.0	36.0
9	35.61161834090475	36.0	36.0	36.0	36.0	36.0
10	35.61712054253465	36.0	36.0	36.0	36.0	36.0
11	35.61607566512563	36.0	36.0	36.0	36.0	36.0
12	35.620172397459555	36.0	36.0	36.0	36.0	36.0
13	35.61167876884851	36.0	36.0	36.0	36.0	36.0
14	35.611469028715874	36.0	36.0	36.0	36.0	36.0
15	35.60717687420796	36.0	36.0	36.0	36.0	36.0
16	35.616321431089716	36.0	36.0	36.0	36.0	36.0
17	35.59368661160018	36.0	36.0	36.0	36.0	36.0
18	35.58494654988002	36.0	36.0	36.0	36.0	36.0
19	35.57932593000786	36.0	36.0	36.0	36.0	36.0
20	35.568186968728035	36.0	36.0	36.0	36.0	36.0
21	35.559571124279984	36.0	36.0	36.0	36.0	36.0
22	35.551998130146444	36.0	36.0	36.0	36.0	36.0
23	35.53481932532342	36.0	36.0	36.0	36.0	36.0
24	35.54245546729968	36.0	36.0	36.0	36.0	36.0
25	35.52581669071639	36.0	36.0	36.0	36.0	36.0
26	35.51302880352466	36.0	36.0	36.0	36.0	36.0
27	35.50018741643367	36.0	36.0	36.0	36.0	36.0
28	35.50042245675848	36.0	36.0	36.0	36.0	36.0
29	35.49270338352351	36.0	36.0	36.0	36.0	36.0
30	35.48693124475201	36.0	36.0	36.0	36.0	36.0
31	35.48657006269829	36.0	36.0	36.0	36.0	36.0
32	35.467331037054365	36.0	36.0	36.0	36.0	36.0
33	35.43697355201047	36.0	36.0	36.0	36.0	36.0
34	35.41097029162141	36.0	36.0	36.0	36.0	36.0
35	35.3796580963848	36.0	36.0	36.0	36.0	36.0
36	35.37367816759689	36.0	36.0	36.0	36.0	36.0
37	35.36963393865038	36.0	36.0	36.0	36.0	36.0
38	35.358026642485505	36.0	36.0	36.0	36.0	36.0
39	35.34106302728583	36.0	36.0	36.0	36.0	36.0
40	35.33994722091298	36.0	36.0	36.0	36.0	36.0
41	35.33402509993341	36.0	36.0	36.0	36.0	36.0
42	35.33125357558844	36.0	36.0	36.0	36.0	36.0
43	35.31905756621747	36.0	36.0	36.0	36.0	36.0
44	35.28410634273728	36.0	36.0	36.0	36.0	36.0
45	35.2889063400993	36.0	36.0	36.0	36.0	36.0
46	35.285638629825954	36.0	36.0	36.0	36.0	36.0
47	35.248003143631145	36.0	36.0	36.0	36.0	36.0
48	35.23482726252222	36.0	36.0	36.0	36.0	36.0
49	35.21248366526448	36.0	36.0	36.0	36.0	36.0
50	35.17690751385119	36.0	36.0	36.0	32.0	36.0
51	35.14732466538844	36.0	36.0	36.0	32.0	36.0
52	35.1427254147663	36.0	36.0	36.0	32.0	36.0
53	35.152360191410644	36.0	36.0	36.0	32.0	36.0
54	35.110625268125176	36.0	36.0	36.0	32.0	36.0
55	35.12112781972759	36.0	36.0	36.0	32.0	36.0
56	35.130944518326594	36.0	36.0	36.0	32.0	36.0
57	35.091588582948056	36.0	36.0	36.0	32.0	36.0
58	35.0801025685378	36.0	36.0	36.0	32.0	36.0
59	35.10450616770785	36.0	36.0	36.0	32.0	36.0
60	35.104177929604276	36.0	36.0	36.0	32.0	36.0
61	35.06423856224313	36.0	36.0	36.0	32.0	36.0
62	35.085616535661984	36.0	36.0	36.0	32.0	36.0
63	35.0815139713554	36.0	36.0	36.0	32.0	36.0
64	35.07930045326457	36.0	36.0	36.0	32.0	36.0
65	35.063633748930215	36.0	36.0	36.0	32.0	36.0
66	35.06012735508125	36.0	36.0	36.0	32.0	36.0
67	35.074371401726	36.0	36.0	36.0	32.0	36.0
68	35.11259107450471	36.0	36.0	36.0	32.0	36.0
69	35.29810652155657	36.0	36.0	36.0	32.0	36.0
70	35.249646958171446	36.0	36.0	36.0	32.0	36.0
>>END_MODULE
>>Per sequence quality scores	pass
#Quality	Count
31	335.0
32	62585.0
33	1299460.0
34	7879587.0
35	2.6744243E7
36	2985826.0
>>END_MODULE
>>Per base sequence content	fail
#Base	G	A	T	C
1	25.407299736662463	27.756286584565405	25.679589847448565	21.156823831323567
2	19.552278459354806	21.53180552332447	41.06880122968171	17.847114787639015
3	21.65624346646914	21.25453235237697	32.89163542802845	24.197588753125444
4	20.89373262407948	20.132840891350916	35.8001824692967	23.1732440152729
5	22.626841974589166	31.319977739936398	26.953883035518082	19.099297249956354
6	27.037009305852024	23.9492671103968	23.869989753678766	25.143733830072414
7	25.19919924122004	21.403880464443787	28.598118404694073	24.798801889642103
8	24.627729800775832	22.787492024087328	28.651713258244776	23.93306491689206
9	24.04271873299101	23.42307699808139	28.784054289593698	23.7501499793339
10	24.792769359034768	22.957291736054025	28.020465751391587	24.229473153519614
11	25.29158599771385	23.002567789889138	27.447593448800056	24.258252763596953
12	25.106468026080965	23.4799604608731	27.737303592789587	23.676267920256347
13	24.989664383970087	23.303673433946333	27.52786382523099	24.17879835685259
14	25.322653228241197	23.372736639352546	27.10440817215918	24.200201960247075
15	24.946714994313997	23.702399615642324	27.67254405229514	23.678341337748535
16	25.009109098362458	23.27256341625983	27.610049198368554	24.108278287009163
17	24.948285271571958	23.604309178803955	27.23391756429678	24.2134879853273
18	24.728046027669688	23.712422928070783	27.911849409150708	23.647681635108825
19	24.690257393788713	23.375435145343705	27.704924115332336	24.229383345535243
20	24.90744067675402	23.506831167878772	27.067589725175488	24.518138430191723
21	24.702394301390875	23.905656353186167	27.626583327594172	23.765366017828786
22	24.79733224092609	23.43331057770014	27.47648666537429	24.292870515999486
23	24.98736657411306	23.394405369392032	27.118211249560904	24.500016806934003
24	24.94309187751041	23.643860061789443	27.487680972422556	23.925367088277596
25	24.984148245612168	23.338308782347912	27.307489035661398	24.370053936378522
26	25.10148560911431	23.421285646207583	26.88804390677334	24.589184837904764
27	24.828020877641286	23.644869690765635	27.554289131535292	23.97282030005778
28	24.876795598894336	23.124684950294476	27.43060952054711	24.567909930264083
29	25.206828434799466	23.3759720271215	26.805061629447884	24.61213790863115
30	24.944733418190808	23.593366255077296	27.442430868468847	24.01946945826305
31	24.935696190319057	23.27005803906032	27.234834828978627	24.559410941641993
32	25.21495948013543	23.280496077234535	26.914754379016152	24.589790063613883
33	24.986051514149707	23.579915329919665	27.382507100230903	24.05152605569972
34	25.079613748486345	23.142924062848135	27.221625667224124	24.55583652144139
35	25.243757804164087	23.28470686236315	26.796206392679583	24.675328940793186
36	25.014268594648055	23.467648644654783	27.247764565455572	24.27031819524159
37	24.945346637363908	23.145185038235137	27.33205934531688	24.577408979084073
38	25.167834106133164	23.179553041226146	26.87395528727042	24.778657565370274
39	24.94473096836287	23.54707394485073	27.41346587532337	24.094729211463033
40	24.880062122332365	23.13070468715929	27.371977868101915	24.61725532240643
41	25.09710912006733	23.25709153209322	26.877076748768296	24.768722599071154
42	24.966151210232848	23.574156973411835	27.319750351313964	24.139941465041353
43	24.98774238386635	23.18989232023221	27.243098015084076	24.57926728081736
44	25.22146914410107	23.17416075431668	26.802456412478215	24.801913689104026
45	25.025909741874734	23.534613328454025	27.36107475314109	24.078402176530155
46	25.05925217659894	23.167511100419066	27.091812014272982	24.681424708709013
47	25.26576200857575	23.237487049712122	26.826357793460705	24.670393148251428
48	25.052550711171616	23.52999811783595	27.372863941603658	24.04458722938877
49	24.991690720827865	23.200040634367582	27.244386536105374	24.56388210869918
50	25.19013856113283	23.320838580233538	26.772806344839072	24.71621651379456
51	24.96845678056326	23.5868293082205	27.32864887593585	24.116065035280386
52	24.943479383661877	23.13383547100514	27.25249490688933	24.67019023844366
53	25.090412937088143	23.280095692620677	26.91662286325179	24.712868507039403
54	24.863388121405332	23.548337481473194	27.431214868984032	24.157059528137438
55	24.92347653622319	23.198118086370954	27.26516921202966	24.613236165376197
56	25.19301384454063	23.30764525740747	26.76248354462337	24.736857353428526
57	24.83172557529989	23.62017771628362	27.37573749350591	24.17235921491058
58	24.8497879115145	23.189562464041227	27.364063086496355	24.596586537947914
59	25.07358046534777	23.25094336565392	26.90676490454854	24.768711264449763
60	24.908539462721933	23.579004487504115	27.3421698362845	24.170286213489444
61	24.88006326209331	23.148257627258452	27.378169023441917	24.593510087206326
62	25.200497093972807	23.2573815502326	26.85599810907654	24.686123246718054
63	25.00341445232995	23.583793588630524	27.26269774383209	24.150094215207446
64	24.980208984956004	23.215533297803955	27.234725441363572	24.56953227587647
65	25.205601614816526	23.36038010460246	26.795559368520788	24.63845891206023
66	25.019328432131655	23.638191563057088	27.184847813003167	24.157632191808094
67	25.106993405290652	23.45770800860909	27.266251324476027	24.169047261624232
68	25.97386477981591	24.19080092836833	27.043817704058153	22.791516587757606
69	27.804754366890883	26.23679083865578	27.777638778143803	18.180816016309535
70	35.473461770313484	32.85201109218103	31.674527137505482	0.0
>>END_MODULE
>>Per base GC content	fail
#Base	%GC
1	46.56412356798603
2	37.39939324699382
3	45.85383221959458
4	44.066976639352376
5	41.72613922454552
6	52.18074313592444
7	49.99800113086214
8	48.560794717667896
9	47.79286871232491
10	49.022242512554385
11	49.5498387613108
12	48.78273594633731
13	49.168462740822676
14	49.52285518848827
15	48.625056332062535
16	49.11738738537162
17	49.16177325689926
18	48.37572766277851
19	48.91964073932396
20	49.42557910694575
21	48.46776031921966
22	49.09020275692558
23	49.48738338104706
24	48.868458965788
25	49.354202181990686
26	49.69067044701907
27	48.80084117769907
28	49.44470552915842
29	49.81896634343062
30	48.964202876453854
31	49.49510713196105
32	49.80474954374931
33	49.037577569849425
34	49.63545026992774
35	49.91908674495727
36	49.28458678988964
37	49.52275561644798
38	49.94649167150344
39	49.0394601798259
40	49.49731744473879
41	49.865831719138484
42	49.106092675274205
43	49.56700966468371
44	50.0233828332051
45	49.10431191840489
46	49.74067688530795
47	49.936155156827176
48	49.097137940560394
49	49.55557282952704
50	49.90635507492739
51	49.084521815843644
52	49.61366962210553
53	49.80328144412754
54	49.02044764954277
55	49.536712701599384
56	49.929871197969156
57	49.00408479021047
58	49.44637444946242
59	49.84229172979754
60	49.07882567621138
61	49.473573349299635
62	49.886620340690854
63	49.153508667537395
64	49.54974126083247
65	49.844060526876746
66	49.17696062393975
67	49.27604066691488
68	48.76538136757352
69	45.98557038320042
70	35.473461770313484
>>END_MODULE
>>Per sequence GC content	warn
#GC Content	Count
0	549.0
1	512.0
2	479.0
3	519.0
4	761.5
5	1007.5
6	1151.0
7	1417.5
8	1866.0
9	2434.0
10	2895.0
11	3323.5
12	4089.0
13	5171.0
14	7020.0
15	9680.0
16	12296.0
17	15046.0
18	19691.0
19	26323.5
20	32809.5
21	43555.0
22	61684.5
23	76370.0
24	97273.5
25	132863.5
26	173126.5
27	211177.5
28	270513.5
29	358850.5
30	436730.0
31	547869.0
32	698237.5
33	819213.0
34	974299.5
35	1169831.5
36	1377644.5
37	1543426.5
38	1690556.0
39	1852405.5
40	1952755.5
41	2016976.5
42	2058404.0
43	2085466.5
44	2093545.0
45	2065048.5
46	2021007.0
47	1998568.5
48	1969435.5
49	1921028.5
50	1888904.5
51	1851146.0
52	1797718.5
53	1764241.5
54	1726800.5
55	1668690.5
56	1594067.0
57	1528650.5
58	1472926.5
59	1390901.0
60	1315631.5
61	1241305.5
62	1132461.0
63	1029675.0
64	931291.5
65	823186.0
66	715332.5
67	624809.0
68	555512.0
69	469825.5
70	397245.5
71	346088.0
72	288592.0
73	238080.5
74	199435.5
75	161047.5
76	127055.5
77	105141.0
78	86746.0
79	65999.5
80	52002.5
81	43209.0
82	34303.0
83	25784.0
84	20771.0
85	16360.5
86	11714.5
87	8914.0
88	6792.5
89	4596.5
90	3303.0
91	2215.5
92	1396.5
93	949.0
94	556.0
95	361.0
96	227.5
97	127.0
98	127.5
99	44088.5
100	88035.0
>>END_MODULE
>>Per base N content	pass
#Base	N-Count
1	0.0
2	0.0
3	0.0
4	0.0
5	0.0
6	0.0
7	0.0
8	1.7961596874230538E-5
9	0.0
10	0.0
11	0.0
12	1.7961596874230538E-5
13	0.0
14	2.5659424106043625E-5
15	7.697827231813089E-6
16	3.0791308927252354E-5
17	1.6165437186807483E-4
18	0.0
19	0.0
20	7.697827231813089E-6
21	0.0
22	2.5659424106043624E-6
23	6.671450267571343E-5
24	1.7961596874230538E-5
25	2.3093481695439264E-5
26	2.05275392848349E-5
27	2.3093481695439264E-5
28	2.8225366516647986E-5
29	2.5659424106043624E-6
30	5.645073303329597E-5
31	1.5395654463626177E-5
32	1.026376964241745E-4
33	1.642203142786792E-4
34	3.1817685891494095E-4
35	1.3599494776203122E-4
36	2.129732200801621E-4
37	5.4245202418685085E-5
38	2.6006471242252155E-5
39	2.6183299223476658E-5
40	2.1088437526031042E-5
41	1.2473348501455892E-4
42	3.206506214877067E-4
43	4.304692135951648E-5
44	1.5170441673051572E-4
45	5.182627614021899E-5
46	8.23967251806095E-6
47	3.2640123496949973E-4
48	6.129008838420773E-5
49	2.553672656937286E-4
50	1.4134014313912049E-5
51	1.8227279710081445E-4
52	3.156292940827455E-5
53	2.0238084293008834E-5
54	2.6217169222126976E-5
55	7.629817903537914E-5
56	1.9215763311461362E-4
57	3.03816109044963E-4
58	1.50047014230969E-5
59	3.567158561709576E-4
60	5.786277094699307E-5
61	3.98932285356632E-5
62	7.420230435874539E-5
63	1.183841559630255E-4
64	6.59307621508197E-5
65	2.72233327513027E-4
66	5.112916524543565E-5
67	3.891581701276935E-5
68	1.6180685399001208E-4
69	3.762395965989144E-6
70	0.0
>>END_MODULE
>>Sequence Length Distribution	warn
#Length	Count
36	258935.0
37	261133.0
38	259684.0
39	256804.0
40	255141.0
41	256429.0
42	255166.0
43	254855.0
44	252949.0
45	251726.0
46	257390.0
47	256950.0
48	259923.0
49	259297.0
50	263448.0
51	261195.0
52	262757.0
53	259605.0
54	251820.0
55	250434.0
56	253455.0
57	250051.0
58	243339.0
59	243238.0
60	249328.0
61	242975.0
62	245119.0
63	247294.0
64	261048.0
65	297254.0
66	457503.0
67	1170793.0
68	3086190.0
69	9908687.0
70	1.6670121E7
>>END_MODULE
>>Sequence Duplication Levels	fail
#Total Duplicate Percentage	60.694816112913536
#Duplication Level	Relative count
1	100.0
2	26.26194464193187
3	14.973429573306662
4	10.541410100377167
5	8.119343993637557
6	6.4287177509730435
7	5.522551724968971
8	4.512755009820816
9	4.021111740393073
10++	60.62033812524853
>>END_MODULE
>>Overrepresented sequences	warn
#Sequence	Count	Percentage	Possible Source
GGGGGGGGGGGGGGGGGGGGGGGGGGGGGGGGGGGGGGGGGGGGGGGGGGGGGGGGGGGGGGGGGGGGGG	42090	0.10800051606233761	No Hit
>>END_MODULE
>>Kmer Content	warn
#Sequence	Count	Obs/Exp Overall	Obs/Exp Max	Max Obs/Exp Position
GGGGG	8770285	3.8182297	5.2208853	66
TCTTC	8430145	2.8972638	6.013671	2
TTCTT	9011565	2.6678286	5.4881945	1
CTTCA	6268365	2.5374506	5.2157145	1
>>END_MODULE
