##FastQC	0.10.1
>>Basic Statistics	pass
#Measure	Value	
Filename	SRR13389807.fastq	
File type	Conventional base calls	
Encoding	Sanger / Illumina 1.9	
Total Sequences	49168532	
Filtered Sequences	0	
Sequence length	35-75	
%GC	51	
>>END_MODULE
>>Per base sequence quality	pass
#Base	Mean	Median	Lower Quartile	Upper Quartile	10th Percentile	90th Percentile
1	30.35580795863501	32.0	32.0	32.0	32.0	32.0
2	31.15362124295271	32.0	32.0	32.0	32.0	32.0
3	31.293871921984575	32.0	32.0	32.0	32.0	32.0
4	31.35077429198008	32.0	32.0	32.0	32.0	32.0
5	31.384979360376267	32.0	32.0	32.0	32.0	32.0
6	34.71065910611283	36.0	36.0	36.0	32.0	36.0
7	34.62332542285379	36.0	36.0	36.0	32.0	36.0
8	34.62102037132205	36.0	36.0	36.0	32.0	36.0
9	34.63558728985441	36.0	36.0	36.0	32.0	36.0
10	34.60532035001574	36.0	36.0	36.0	32.0	36.0
11	34.74186542726149	36.0	36.0	36.0	32.0	36.0
12	34.70661412059241	36.0	36.0	36.0	32.0	36.0
13	34.65957492894032	36.0	36.0	36.0	32.0	36.0
14	34.64996715785617	36.0	36.0	36.0	32.0	36.0
15	34.6450239148893	36.0	36.0	36.0	32.0	36.0
16	34.64702303904457	36.0	36.0	36.0	32.0	36.0
17	34.64946360407913	36.0	36.0	36.0	32.0	36.0
18	34.62428292551016	36.0	36.0	36.0	32.0	36.0
19	34.61448145330025	36.0	36.0	36.0	32.0	36.0
20	34.60104977305404	36.0	36.0	36.0	32.0	36.0
21	34.58987351910364	36.0	36.0	36.0	32.0	36.0
22	34.534409914861804	36.0	36.0	36.0	32.0	36.0
23	34.495313872702155	36.0	36.0	36.0	32.0	36.0
24	34.471585261077145	36.0	36.0	36.0	32.0	36.0
25	34.438400031955396	36.0	36.0	36.0	32.0	36.0
26	34.35205297567151	36.0	36.0	36.0	32.0	36.0
27	34.30702287389829	36.0	36.0	36.0	32.0	36.0
28	34.276530708706126	36.0	36.0	36.0	32.0	36.0
29	34.2649918854604	36.0	36.0	36.0	32.0	36.0
30	34.21361900737651	36.0	36.0	36.0	32.0	36.0
31	34.172082095109126	36.0	36.0	36.0	32.0	36.0
32	34.11831286726234	36.0	36.0	36.0	32.0	36.0
33	34.10528142267904	36.0	36.0	36.0	32.0	36.0
34	34.07743883832041	36.0	36.0	36.0	32.0	36.0
35	34.041657029744144	36.0	36.0	36.0	32.0	36.0
36	34.02095073727146	36.0	36.0	36.0	32.0	36.0
37	34.001751105186976	36.0	36.0	36.0	32.0	36.0
38	33.9581718490973	36.0	36.0	36.0	32.0	36.0
39	33.88978333087308	36.0	36.0	36.0	32.0	36.0
40	33.89084431897975	36.0	36.0	36.0	32.0	36.0
41	33.825602874956765	36.0	36.0	36.0	32.0	36.0
42	33.7460075098775	36.0	36.0	36.0	32.0	36.0
43	33.6904655375611	36.0	36.0	36.0	27.0	36.0
44	33.568250308389906	36.0	36.0	36.0	27.0	36.0
45	33.501428034903654	36.0	36.0	36.0	27.0	36.0
46	33.53690414187628	36.0	36.0	36.0	27.0	36.0
47	33.61707827758803	36.0	36.0	36.0	27.0	36.0
48	33.46085199094651	36.0	36.0	36.0	27.0	36.0
49	33.36081416674775	36.0	36.0	36.0	21.0	36.0
50	33.4609209139106	36.0	36.0	36.0	27.0	36.0
51	33.37081943163834	36.0	36.0	36.0	21.0	36.0
52	33.28228112610938	36.0	36.0	36.0	21.0	36.0
53	33.324615182702	36.0	36.0	36.0	27.0	36.0
54	33.26431209305766	36.0	36.0	36.0	21.0	36.0
55	33.093618473959296	36.0	36.0	36.0	21.0	36.0
56	33.04840794071964	36.0	36.0	36.0	21.0	36.0
57	32.99571645504393	36.0	36.0	36.0	21.0	36.0
58	33.0868527609709	36.0	36.0	36.0	21.0	36.0
59	32.937450437544825	36.0	36.0	36.0	21.0	36.0
60	32.90105127176414	36.0	32.0	36.0	14.0	36.0
61	32.99842422617062	36.0	36.0	36.0	21.0	36.0
62	32.85391052003564	36.0	32.0	36.0	14.0	36.0
63	32.790382131715894	36.0	32.0	36.0	14.0	36.0
64	32.8690928330737	36.0	32.0	36.0	21.0	36.0
65	32.822990961588346	36.0	32.0	36.0	14.0	36.0
66	32.699695416913926	36.0	32.0	36.0	14.0	36.0
67	32.781714958714275	36.0	32.0	36.0	14.0	36.0
68	32.810113697503006	36.0	32.0	36.0	14.0	36.0
69	32.786597733447095	36.0	32.0	36.0	14.0	36.0
70	32.748161381314645	36.0	32.0	36.0	14.0	36.0
71	32.710706942338376	36.0	32.0	36.0	14.0	36.0
72	32.58375068335115	36.0	32.0	36.0	14.0	36.0
73	32.50036407560073	36.0	32.0	36.0	14.0	36.0
74	32.39128573269477	36.0	32.0	36.0	14.0	36.0
75	30.211080688728345	36.0	27.0	36.0	14.0	36.0
>>END_MODULE
>>Per sequence quality scores	pass
#Quality	Count
2	124.0
3	0.0
4	0.0
5	0.0
6	0.0
7	0.0
8	0.0
9	0.0
10	0.0
11	3.0
12	3.0
13	19.0
14	34.0
15	423.0
16	4855.0
17	21047.0
18	48106.0
19	70922.0
20	86550.0
21	102649.0
22	131724.0
23	179529.0
24	264785.0
25	397766.0
26	595282.0
27	873041.0
28	1199983.0
29	1532324.0
30	1939191.0
31	2502702.0
32	3393983.0
33	5085002.0
34	9811186.0
35	2.0927299E7
>>END_MODULE
>>Per base sequence content	fail
#Base	G	A	T	C
1	57.35438805352305	11.72265335671999	9.048000239127155	21.874958350629797
2	27.693693490675802	13.144913463214037	33.55336740210989	25.608025644000264
3	24.259866042669778	20.77260352495355	28.431402219084962	26.536128213291704
4	27.95483120275278	26.771649747895836	23.57447421428497	21.699044835066417
5	29.106488201112075	30.209527846184965	22.93447184223283	17.74951211047013
6	27.220676124993354	28.296583937527487	24.495148759221554	19.98759117825761
7	22.239680812931752	21.363819629872904	38.8994595879533	17.49703996924204
8	23.425273399130596	20.38196762441444	30.74348878653952	25.449270189915442
9	25.128364945230686	18.824203134663218	31.658043514445293	24.389388405660807
10	27.481654480250818	29.416177151800397	24.178594515405095	18.92357385254369
11	33.169276092892815	21.24194259045361	20.015474163816734	25.57330715283684
12	28.906296952792914	19.75565973764329	25.517846309462044	25.820197000101754
13	27.71249361607031	22.911902553313578	26.96104323788724	22.41456059272887
14	27.26839522250112	22.188820239338654	26.739917636132386	23.802866902027837
15	27.848214645265923	22.907207843740224	26.09475235913813	23.149825151855723
16	28.447433717590975	22.013565623449207	25.641243156173477	23.897757502786344
17	29.222946911122428	22.421199251274874	25.556738926795592	22.799114910807106
18	27.964059576594863	22.504262852404157	26.521762395657255	23.009915175343725
19	28.62804019252222	22.54320919860032	25.13112601907528	23.69762458980218
20	28.03860147831606	22.646255389846516	26.57388765494309	22.741255476894334
21	29.02054406616548	22.518504685472717	25.53412908358664	22.92682216477516
22	28.321931897436865	23.631612105383176	25.265558489618346	22.780897507561615
23	27.976977325028052	23.496271873501833	25.623581456673918	22.903169344796197
24	27.821898926183774	22.434218416778965	25.58629513257561	24.157587524461654
25	28.2697790150052	22.431256148644042	26.196864687029127	23.102100149321632
26	27.80782256133524	22.658048018733382	25.563063853234286	23.971065566697092
27	27.744002195885127	22.375698844182786	25.69681442086052	24.183484539071575
28	28.09968648529718	23.388659732526598	25.399328087770208	23.112325694406014
29	28.87609839027198	22.462639990398582	25.573618412899823	23.087643206429615
30	27.71626358874913	22.458105651242523	26.63543402368571	23.190196736322637
31	28.223202565287515	22.464692456786068	25.127828521670125	24.18427645625629
32	27.752579814726207	23.594181351505128	25.486845805001344	23.166393028767317
33	27.713890603302115	22.21859204571289	25.5880692730421	24.47944807794289
34	28.32598085356018	22.380037403195153	25.011043770101494	24.282937973143177
35	27.92779435333161	22.439668783967488	26.441132018362673	23.19140484433823
36	27.824424239952805	23.438823368976895	25.31612994552231	23.42062244554799
37	28.319461513390216	22.37381355643498	24.960109259331766	24.346615670843043
38	28.937204917898086	22.58271451208835	25.258271329177433	23.221809240836134
39	27.940770264149133	23.35972209801469	25.34500242569939	23.354505212136782
40	28.210862670492563	22.505888760343897	25.025808770747542	24.257439798416
41	27.875984927668497	23.48828471718572	25.354468809777238	23.281261545368547
42	27.773701139380375	23.460645058993926	25.397052930431606	23.36860087119409
43	28.209750225565017	22.41439807099149	26.020003155734013	23.35584854770949
44	27.997993486682372	22.441078755546023	25.348477014779387	24.212450742992218
45	27.95907585410634	22.333899315257057	26.19470022239014	23.512324608246463
46	28.326595191016718	22.43865356310711	24.90500707101731	24.329744174858867
47	28.90180440895597	22.55786483951527	25.163646437011046	23.376684314517714
48	27.914457599413723	22.32631134148036	26.22170219018198	23.53752886892394
49	28.289007336697047	23.12473930729754	25.073921406443382	23.51233194956203
50	27.926138832021728	22.553003611186774	26.25291820468338	23.26793935210812
51	28.70501182981171	22.443148739159835	25.258344746476098	23.593494684552354
52	28.535388024463593	22.430531844998608	24.92178151812428	24.112298612413518
53	28.013711711151018	22.489687640402362	25.20182448578541	24.294776162661215
54	28.7128479271071	22.343005294530773	25.347107940616482	23.597038837745647
55	28.67637758366502	22.385942900839627	25.398092431668108	23.53958708382725
56	28.48903376144591	22.36951783411437	25.221503588260198	23.919944816179527
57	28.297504039635392	22.275912049663994	25.688328527967563	23.738255382733055
58	28.209327635500316	22.339936579709697	25.889308793682297	23.561426991107695
59	28.55759527395983	22.50034733605601	25.16135541989975	23.780701970084415
60	28.180414069231418	22.335148230377246	25.826963173319516	23.657474527071816
61	29.231124202256225	22.394754650421795	24.747426435988626	23.626694711333354
62	28.35606255046819	22.5018792000556	25.093846102622376	24.04821214685383
63	28.39408491751105	22.34068541981302	25.5933917643118	23.67183789836412
64	28.28063691274077	22.441215168128956	25.675946826321105	23.602201092809167
65	28.826959753737086	22.49597604899451	25.047169325848728	23.62989487141968
66	28.102538343798035	22.86763179872981	25.213862757673045	23.815967099799106
67	28.301704717870894	23.423991222936653	24.637208354890117	23.63709570430234
68	27.977651125185066	23.560581435444767	24.932863278810732	23.52890416055944
69	27.90515433940943	23.424013487693596	24.921731708171073	23.7491004647259
70	28.2208098845311	23.592485679961257	24.637187420315325	23.54951701519232
71	27.92772229755941	23.58113136010193	24.860984393454164	23.630161948884496
72	27.943046363530115	23.66787155670381	25.036429567679523	23.352652512086554
73	28.933831952010646	24.305863039173094	24.86137671419419	21.89892829462207
74	30.723133752399832	26.032836375743702	24.853277313052164	18.390752558804298
75	39.26751072717222	34.684403724282035	26.048085548545746	0.0
>>END_MODULE
>>Per base GC content	fail
#Base	%GC
1	79.22934640415285
2	53.30171913467608
3	50.79599425596149
4	49.653876037819195
5	46.8560003115822
6	47.20826730325096
7	39.73672078217379
8	48.87454358904604
9	49.51775335089149
10	46.40522833279451
11	58.74258324572965
12	54.726493952894664
13	50.12705420879918
14	51.07126212452895
15	50.99803979712164
16	52.345191220377316
17	52.02206182192953
18	50.97397475193859
19	52.3256647823244
20	50.7798569552104
21	51.94736623094064
22	51.10282940499849
23	50.880146669824256
24	51.97948645064543
25	51.37187916432683
26	51.77888812803233
27	51.927486734956695
28	51.212012179703194
29	51.963741596701595
30	50.90646032507177
31	52.4074790215438
32	50.91897284349353
33	52.193338681245
34	52.60891882670335
35	51.11919919766984
36	51.245046685500796
37	52.66607718423326
38	52.159014158734216
39	51.295275476285916
40	52.468302468908554
41	51.15724647303704
42	51.14230201057447
43	51.5655987732745
44	52.21044422967459
45	51.471400462352804
46	52.65633936587558
47	52.27848872347369
48	51.451986468337665
49	51.80133928625907
50	51.19407818412984
51	52.298506514364064
52	52.64768663687711
53	52.308487873812226
54	52.30988676485274
55	52.215964667492266
56	52.40897857762543
57	52.03575942236844
58	51.77075462660801
59	52.33829724404424
60	51.83788859630324
61	52.85781891358958
62	52.40427469732203
63	52.065922815875176
64	51.882838005549935
65	52.456854625156765
66	51.91850544359714
67	51.93880042217324
68	51.506555285744504
69	51.654254804135334
70	51.770326899723415
71	51.557884246443905
72	51.295698875616665
73	50.832760246632716
74	49.11388631120413
75	39.26751072717222
>>END_MODULE
>>Per sequence GC content	fail
#GC Content	Count
0	1395.0
1	883.0
2	352.0
3	366.0
4	399.0
5	440.0
6	523.5
7	668.0
8	768.0
9	913.5
10	1160.5
11	1529.5
12	1813.0
13	2348.5
14	3564.5
15	5114.0
16	6210.0
17	8336.0
18	12632.5
19	18026.5
20	21922.0
21	28396.0
22	41875.0
23	60133.0
24	73985.5
25	94613.5
26	132006.0
27	176634.0
28	210854.0
29	262709.5
30	356037.0
31	470050.0
32	555986.0
33	672573.5
34	877184.5
35	1091233.0
36	1229646.0
37	1382124.0
38	1596275.5
39	1791617.5
40	1923414.5
41	2002843.5
42	2080202.0
43	2148285.5
44	2194419.0
45	2217565.5
46	2220768.0
47	2197996.5
48	2182471.0
49	2147717.0
50	2094158.0
51	2033579.0
52	1991024.5
53	1960459.5
54	1899342.5
55	1824513.5
56	1779825.0
57	1714341.5
58	1630053.5
59	1555601.0
60	1481879.0
61	1392039.0
62	1267599.0
63	1141935.5
64	1052131.0
65	976585.5
66	836214.5
67	690044.5
68	601933.5
69	530726.0
70	447902.5
71	359100.0
72	294671.0
73	257188.5
74	208886.5
75	161976.0
76	132735.5
77	115057.5
78	93015.0
79	71352.0
80	58876.5
81	52229.0
82	43213.0
83	34337.5
84	29371.0
85	26113.5
86	23112.5
87	20509.0
88	19348.5
89	19302.0
90	20064.0
91	22491.0
92	24147.0
93	27426.5
94	35145.5
95	49705.5
96	59831.5
97	92062.0
98	766928.0
99	792206.0
100	174846.0
>>END_MODULE
>>Per base N content	pass
#Base	N-Count
1	0.047044316881374455
2	0.0010982634177485713
3	6.874315466648465E-4
4	3.355804887565079E-4
5	2.5829528528531216E-4
6	5.81672847177947E-4
7	2.5219382185337567E-4
8	2.5219382185337567E-4
9	2.5219382185337567E-4
10	2.5219382185337567E-4
11	2.5219382185337567E-4
12	2.664305698612275E-4
13	3.0303935045284655E-4
14	2.5829528528531216E-4
15	3.091408138847831E-4
16	2.6846439100520635E-4
17	3.1320845617274074E-4
18	3.3151284646855026E-4
19	3.7015544820414816E-4
20	3.1727609846069843E-4
21	3.538848790523175E-4
22	9.274224416543493E-4
23	2.765996755811217E-4
24	5.064214648507301E-4
25	3.4778341562038094E-4
26	5.348949608664338E-4
27	4.148995133716825E-4
28	0.0010230120354213544
29	0.0015965495980233863
30	0.001511129109976275
31	0.0014440130122249735
32	0.001539602605991979
33	8.745430919108994E-4
34	0.0010982634177485713
35	0.001511129109976275
36	0.001126740190735149
37	0.0019362038328009077
38	0.0014196118358204676
39	0.0021782312168640897
40	0.0018934954566786647
41	0.0017877364210232758
42	0.0012670762421130098
43	0.0013362268237101307
44	8.114988615830255E-4
45	0.0012569082668077007
46	0.0013036868834537282
47	0.003502261022700488
48	0.00237145040550785
49	0.0022860300298111333
50	0.0019585838230860653
51	8.826849649564916E-4
52	0.0033965098400449284
53	0.002731447295077031
54	0.00452122844888733
55	0.0012345422898868003
56	0.0028514488502447742
57	0.0027558618962148108
58	0.0012955615910692241
59	0.0013850538895791107
60	0.0021904630614505635
61	0.004494830934256304
62	0.0032724885043926193
63	0.0026379299754674544
64	0.00426709414082212
65	0.00410036272345604
66	0.0034008676077021925
67	0.004828811512732807
68	0.005860318564557583
69	0.006206919280754156
70	0.009459497962788842
71	0.004821112184122146
72	0.0043441992865477065
73	0.005236775755382855
74	0.003979138173478195
75	0.008050183263758066
>>END_MODULE
>>Sequence Length Distribution	warn
#Length	Count
35	143.0
36	12.0
37	7.0
38	36.0
39	9.0
40	3.0
41	10.0
42	13.0
43	23.0
44	10.0
45	18.0
46	11.0
47	15.0
48	14.0
49	29.0
50	14.0
51	46.0
52	46.0
53	20.0
54	33.0
55	33.0
56	66.0
57	54.0
58	105.0
59	76.0
60	97.0
61	113.0
62	136.0
63	391.0
64	567.0
65	2457.0
66	689.0
67	2086.0
68	6330.0
69	19020.0
70	59987.0
71	252086.0
72	1199003.0
73	3469434.0
74	1.1597025E7
75	3.2558265E7
>>END_MODULE
>>Sequence Duplication Levels	fail
#Total Duplicate Percentage	67.31426317551609
#Duplication Level	Relative count
1	100.0
2	28.467593696942483
3	16.640240223385298
4	12.10658509548599
5	9.50931005935426
6	7.782002890538398
7	6.655254184966394
8	5.7053054008166475
9	4.986880323291285
10++	88.78162403356392
>>END_MODULE
>>Overrepresented sequences	fail
#Sequence	Count	Percentage	Possible Source
TGGGGGGGGGGGGGGGGGGGGGGGGGGGGGGGGGGGGGGGGGGGGGGGGGGGGGGGGGGGGGGGGGGGGGGGGGG	1044036	2.123382491875088	No Hit
GGGGGGGGGGGGGGGGGGGGGGGGGGGGGGGGGGGGGGGGGGGGGGGGGGGGGGGGGGGGGGGGGGGGGGGGGGG	142543	0.2899069673261752	No Hit
AGGGGGGGGGGGGGGGGGGGGGGGGGGGGGGGGGGGGGGGGGGGGGGGGGGGGGGGGGGGGGGGGGGGGGGGGGG	77420	0.15745843296684148	No Hit
>>END_MODULE
>>Kmer Content	fail
#Sequence	Count	Obs/Exp Overall	Obs/Exp Max	Max Obs/Exp Position
GGGGG	134625325	20.411695	27.482288	71
AAAAA	9655805	4.584505	20.316195	68
TCTTC	10530820	3.3955948	7.364558	7
CTCCA	8442035	3.3880577	16.94254	24
CTTCT	10400460	3.3535612	6.2131724	5
TTTTT	12296065	3.23928	10.944806	2
TTCTT	10834080	3.1576214	6.401194	6
CTTCA	8138500	2.9523127	7.0927134	6
TCCAG	8542405	2.7746751	13.775411	25
TTTCT	9387455	2.7359986	5.223982	5
TCTCC	7088910	2.528825	5.256731	7
CCACA	5471720	2.4705396	5.7172937	2
TTCTC	7657490	2.469108	5.006717	7
TTCCA	6678055	2.4225233	5.7745724	6
CACAC	4800225	2.1673524	17.897774	12
TTTCA	6254250	2.0507257	5.722456	6
GAAGA	6701330	2.015414	12.4552	6
CACCT	4847825	1.9455867	15.855718	31
ATCTT	5839550	1.9147484	5.001759	6
TTCAG	6424920	1.8863144	5.799467	7
CTGAA	5620260	1.8563806	13.199161	19
GCACA	4950325	1.8089643	14.881861	11
GAAAA	4775590	1.8045988	8.204046	65
AAAAG	4765440	1.8007634	7.4573984	71
GCCAG	6118485	1.7794667	8.904891	1
GGAAG	7406470	1.7728183	9.671697	5
GGCAG	7488645	1.7626967	5.4874806	1
ATCCA	4231480	1.7269294	5.5009828	6
TCTGA	5877150	1.7254926	11.799867	18
TTCAA	4641220	1.7120988	5.0809827	7
CACAT	4160445	1.697939	5.2668953	3
AAGAG	5636650	1.6952133	12.382094	7
AGCAC	4584340	1.6752248	15.143138	10
TCACC	3999955	1.6053094	15.5217085	30
CCAGT	4896655	1.5904919	12.750046	26
GCCAC	4335000	1.5577822	7.84616	1
ATCTC	4291070	1.5566235	9.265221	42
GTCCA	4760960	1.5464168	9.918415	1
ACTCC	3832630	1.5381565	15.395278	23
GAGCA	5200050	1.5379143	12.288092	9
GCCCA	4252365	1.5280873	5.2298436	1
AGAGC	5158855	1.525731	12.161395	8
TGAAA	4332510	1.4552207	6.949403	64
TGGGG	8497785	1.4389447	18.709248	1
AATCT	3864020	1.4253976	10.187046	41
AACTC	3398390	1.3869331	15.571671	22
AGTCA	4126485	1.3629844	12.691444	28
GTCCT	4701225	1.357309	5.467231	1
CAGTC	4122165	1.3389285	12.514391	27
ATTCA	3623505	1.3366741	5.011548	6
ACAAT	3175285	1.3177823	15.216341	39
GTTTT	5576575	1.3154185	6.0872498	1
GTCAC	3972760	1.2903999	12.427714	29
GAACT	3874315	1.2796922	12.603607	21
GCCAT	3852440	1.2513185	6.369527	1
GTCTG	5321945	1.243559	9.19049	17
GTTCA	4126505	1.2115148	6.669839	1
GCCAA	3262245	1.1921004	6.135084	1
CAATC	2902215	1.1844368	13.436096	40
GTCAG	4475750	1.1765927	7.520177	1
GACAA	3155240	1.172485	13.734927	38
TGAAC	3413820	1.1275901	12.492149	20
GGGAA	4594340	1.0997047	5.107142	1
GTCAT	3664575	1.0758952	5.4608316	1
ATGCC	3082715	1.0013026	6.6193933	49
GTCAA	2783110	0.91926575	5.374851	1
CACGT	2736050	0.8887017	12.033745	14
ACACG	2405000	0.87884307	13.48035	13
CGGAA	2588735	0.7656182	10.717037	4
TCTCG	2591630	0.7482395	6.782335	43
TCGGA	2793940	0.7344756	9.615101	3
CGTCT	2525620	0.7291816	10.638669	16
CCTAC	1697835	0.6813953	14.476147	33
ACCTA	1570195	0.6408198	14.697213	32
CTCGT	2215500	0.6396456	6.386038	44
ACGTC	1899745	0.6170599	11.824304	15
ATCGG	2209905	0.5809435	9.331269	2
TGCCG	2163465	0.5592829	5.5286455	50
CGACA	1519010	0.55508167	13.003405	37
GATCG	2103590	0.55299526	9.049953	1
TATGC	1592875	0.46765763	5.3067813	48
GTATG	1952680	0.4639869	5.477268	47
ACGAC	1235680	0.45154634	12.938666	36
TCGTA	1301740	0.3821823	5.761084	45
CTACG	1103660	0.35848194	11.502729	34
TACGA	1080230	0.35680163	11.654767	35
CGTAT	955065	0.2804008	6.40809	46
>>END_MODULE
