##FastQC	0.10.1
>>Basic Statistics	pass
#Measure	Value	
Filename	SRR13389834.fastq	
File type	Conventional base calls	
Encoding	Sanger / Illumina 1.9	
Total Sequences	39574031	
Filtered Sequences	0	
Sequence length	35-75	
%GC	48	
>>END_MODULE
>>Per base sequence quality	pass
#Base	Mean	Median	Lower Quartile	Upper Quartile	10th Percentile	90th Percentile
1	30.512867112273703	32.0	32.0	32.0	32.0	32.0
2	31.216191218933446	32.0	32.0	32.0	32.0	32.0
3	31.261290415424195	32.0	32.0	32.0	32.0	32.0
4	31.330953852034938	32.0	32.0	32.0	32.0	32.0
5	31.380573715121415	32.0	32.0	32.0	32.0	32.0
6	34.66426990972944	36.0	36.0	36.0	32.0	36.0
7	34.576022240443486	36.0	36.0	36.0	32.0	36.0
8	34.59127759818048	36.0	36.0	36.0	32.0	36.0
9	34.641156368427566	36.0	36.0	36.0	32.0	36.0
10	34.58258654520183	36.0	36.0	36.0	32.0	36.0
11	34.76356131120431	36.0	36.0	36.0	32.0	36.0
12	34.732172671517844	36.0	36.0	36.0	32.0	36.0
13	34.69375192029339	36.0	36.0	36.0	32.0	36.0
14	34.68230883530667	36.0	36.0	36.0	32.0	36.0
15	34.68794184752117	36.0	36.0	36.0	32.0	36.0
16	34.69180875205763	36.0	36.0	36.0	32.0	36.0
17	34.70140590429112	36.0	36.0	36.0	32.0	36.0
18	34.67979016340286	36.0	36.0	36.0	32.0	36.0
19	34.67530681926236	36.0	36.0	36.0	32.0	36.0
20	34.66501148189832	36.0	36.0	36.0	32.0	36.0
21	34.6646804314678	36.0	36.0	36.0	32.0	36.0
22	34.613509298559954	36.0	36.0	36.0	32.0	36.0
23	34.58595989374952	36.0	36.0	36.0	32.0	36.0
24	34.56666638281048	36.0	36.0	36.0	32.0	36.0
25	34.53851807514883	36.0	36.0	36.0	32.0	36.0
26	34.470261268052276	36.0	36.0	36.0	32.0	36.0
27	34.43501775191918	36.0	36.0	36.0	32.0	36.0
28	34.39692896081271	36.0	36.0	36.0	32.0	36.0
29	34.40068470659458	36.0	36.0	36.0	32.0	36.0
30	34.35557603419272	36.0	36.0	36.0	32.0	36.0
31	34.3237025816248	36.0	36.0	36.0	32.0	36.0
32	34.28438300864524	36.0	36.0	36.0	32.0	36.0
33	34.2777601048526	36.0	36.0	36.0	32.0	36.0
34	34.253256813792866	36.0	36.0	36.0	32.0	36.0
35	34.19975483417396	36.0	36.0	36.0	32.0	36.0
36	34.20788586683065	36.0	36.0	36.0	32.0	36.0
37	34.191611715052844	36.0	36.0	36.0	32.0	36.0
38	34.160844062353114	36.0	36.0	36.0	32.0	36.0
39	34.13733024031708	36.0	36.0	36.0	32.0	36.0
40	34.10903220599367	36.0	36.0	36.0	32.0	36.0
41	34.0650629300328	36.0	36.0	36.0	32.0	36.0
42	34.00807742726557	36.0	36.0	36.0	32.0	36.0
43	33.97714756429093	36.0	36.0	36.0	32.0	36.0
44	33.88939642676567	36.0	36.0	36.0	32.0	36.0
45	33.85800989841039	36.0	36.0	36.0	32.0	36.0
46	33.846293542231024	36.0	36.0	36.0	32.0	36.0
47	33.86639453386033	36.0	36.0	36.0	32.0	36.0
48	33.76513303357446	36.0	36.0	36.0	27.0	36.0
49	33.69303649819189	36.0	36.0	36.0	27.0	36.0
50	33.714650129389945	36.0	36.0	36.0	27.0	36.0
51	33.6706632442656	36.0	36.0	36.0	27.0	36.0
52	33.618177357466735	36.0	36.0	36.0	27.0	36.0
53	33.577998040013306	36.0	36.0	36.0	27.0	36.0
54	33.539600192269	36.0	36.0	36.0	27.0	36.0
55	33.45376569656702	36.0	36.0	36.0	27.0	36.0
56	33.405831068549034	36.0	36.0	36.0	27.0	36.0
57	33.35635871315944	36.0	36.0	36.0	27.0	36.0
58	33.35805313781639	36.0	36.0	36.0	27.0	36.0
59	33.28852572960794	36.0	36.0	36.0	27.0	36.0
60	33.26212560846939	36.0	36.0	36.0	27.0	36.0
61	33.29015554280176	36.0	36.0	36.0	27.0	36.0
62	33.22742056092904	36.0	36.0	36.0	27.0	36.0
63	33.16752293980905	36.0	36.0	36.0	27.0	36.0
64	33.168561658919586	36.0	36.0	36.0	27.0	36.0
65	33.16223388824433	36.0	36.0	36.0	27.0	36.0
66	33.07132818456341	36.0	36.0	36.0	21.0	36.0
67	33.09536257506603	36.0	36.0	36.0	21.0	36.0
68	33.090358443501486	36.0	36.0	36.0	21.0	36.0
69	33.07900483323716	36.0	36.0	36.0	21.0	36.0
70	33.0537034497705	36.0	36.0	36.0	21.0	36.0
71	33.03007116822387	36.0	32.0	36.0	21.0	36.0
72	32.976385388128364	36.0	32.0	36.0	21.0	36.0
73	32.92281386392383	36.0	32.0	36.0	21.0	36.0
74	32.83490121140805	36.0	32.0	36.0	14.0	36.0
75	30.617226980953383	36.0	32.0	36.0	14.0	36.0
>>END_MODULE
>>Per sequence quality scores	pass
#Quality	Count
2	101.0
3	0.0
4	0.0
5	0.0
6	0.0
7	0.0
8	0.0
9	0.0
10	0.0
11	1.0
12	4.0
13	7.0
14	13.0
15	89.0
16	716.0
17	3281.0
18	8250.0
19	13229.0
20	18290.0
21	29215.0
22	50656.0
23	88918.0
24	153109.0
25	256841.0
26	416893.0
27	634669.0
28	848138.0
29	1124600.0
30	1507641.0
31	2015959.0
32	2785325.0
33	4234121.0
34	8268800.0
35	1.7115165E7
>>END_MODULE
>>Per base sequence content	fail
#Base	G	A	T	C
1	46.22638351476062	10.406425680310617	7.1938155979768545	36.17337520695191
2	24.25273658020327	13.451575444294239	34.81216623318812	27.48352174231437
3	22.600571418203824	16.855068166533744	25.41411596930071	35.13024444596172
4	25.312692827527922	25.538283425735564	23.012444489614506	26.136579257122012
5	27.024120527029815	29.336819938622217	23.587135449379705	20.051924084968263
6	25.109955941815553	30.31337522383809	24.4455517987214	20.131117035624953
7	18.690405527073	23.086041745158997	40.99710844993156	17.226444277836446
8	21.065557552661563	22.787623063971658	31.601213222947532	24.545606160419243
9	20.97462647758259	21.265825759534117	34.461313293878064	23.298234469005227
10	22.241746018148817	33.898634783050355	25.73863146773646	18.120987731064364
11	27.636615822588258	25.082267543304393	22.5229184971015	24.758198137005852
12	24.896378107554405	22.706575099639473	27.638264336933975	24.758782455872144
13	24.0075426448183	24.787495763939667	28.310523317669062	22.89443827357297
14	23.535292047062295	24.705375483304287	28.157178223138313	23.602154246495104
15	24.347818506205414	24.68652646572875	27.434442612008443	23.531212416057397
16	24.744032219598328	24.36701124877021	27.07927184176773	23.809684689863726
17	25.0846555217819	24.71473503629032	27.163158757878612	23.037450684049162
18	24.403636132997725	24.635051224405167	27.5403365500149	23.420976092582208
19	24.71875962045376	24.759142310180447	26.804208037486944	23.71789003187885
20	24.364520003775215	24.929945629575855	27.645416847288633	23.060117519360297
21	24.815607565443727	24.71878613888932	27.147875423401064	23.31773087226589
22	24.394713921503996	25.546860888665307	26.83102740700108	23.22739778282962
23	24.214893412394815	25.46397342533061	27.32734679900094	22.993786363273635
24	24.10220604442887	24.783959048930857	27.177351879951672	23.9364830266886
25	24.374040134479532	24.913650796586833	27.17645262333614	23.535856445597496
26	24.03888679014046	25.13326097915669	27.105636676744872	23.72221555395798
27	24.122630188596382	24.73441255199737	27.051585064561657	24.091372194844592
28	24.27696763490116	25.28019761013874	26.879247867736733	23.56358688722337
29	24.788256211840974	24.856478574796984	27.060320162460094	23.29494505090195
30	24.259406364720007	24.663330463064142	27.461981904871553	23.615281267344297
31	24.31795862044428	24.849192207967587	26.671720041708664	24.161129129879473
32	24.104443498245672	25.31491867674242	27.13970316031794	23.44093466469397
33	24.141656509472	24.44947920661054	27.05130710997731	24.357557173940155
34	25.02366217728823	24.818793813184634	26.491025454680717	23.66651855484642
35	24.25861335455694	25.390419883504002	26.94744226623299	23.403524495706073
36	24.228742402665052	24.72033804572803	26.822068490592248	24.22885106101467
37	24.517127685440823	24.65140256948006	26.654111567855676	24.17735817722344
38	24.289417235572653	24.956257941400082	27.32555996038659	23.428764862640676
39	24.81852752030426	24.634463641546663	26.826357664418392	23.72065117373068
40	24.450869763023096	25.351226639936193	26.514126643140372	23.68377695390034
41	24.281865514468873	25.336286098772966	26.878429490511508	23.503418896246657
42	24.18076160221692	25.14370161865671	26.93952742559268	23.736009353533692
43	24.503085288944167	24.757677756655024	27.035925432918507	23.7033115214823
44	24.521408831175552	24.92711870861177	26.94352110860577	23.60795135160691
45	24.616902960138006	24.554449485954716	27.054594848532194	23.774052705375084
46	24.89072522868703	24.76445609042456	26.563282762083134	23.78153591880527
47	24.841318257206353	24.934073974061402	26.80709962051424	23.417508148218005
48	24.749581040971233	24.620313879015033	26.928771936439016	23.701333143574715
49	24.73149415658144	24.761304834894275	26.74182603178505	23.76537497673923
50	24.339653828026787	24.90049521114291	27.393618022652237	23.366232938178065
51	24.638138975900024	24.606792225500513	26.909387296745198	23.845681501854273
52	24.92072433619219	24.796517415022297	26.548971646444713	23.733786602340796
53	24.614045820299687	24.835204761481073	26.771368292798982	23.779381125420258
54	24.638520313677155	24.713762378962304	26.721751355285857	23.925965952074684
55	25.044642480355567	24.743868933427677	26.38068996732999	23.830798618886767
56	24.727017611671613	24.878485320886263	26.81543740495837	23.57905966248375
57	24.760918345457537	24.63085923942108	26.68018724083983	23.928035174281554
58	24.589656055632073	24.77186295837399	26.829892514984405	23.808588471009532
59	24.725663350962652	24.86746676921446	26.83423742404372	23.57263245577917
60	24.590051752719038	24.59381191121174	26.900067723284682	23.91606861278454
61	24.95552731957485	24.8281722701886	26.374008400424675	23.842292009811874
62	24.650596326519473	24.95637602887678	26.743935401245515	23.64909224335823
63	24.675678883614708	24.567462130390727	26.847248782871088	23.90961020312348
64	24.64123805419861	24.736124180233706	26.666375043705536	23.95626272186215
65	24.77505605593079	24.857090481378474	26.764927879857648	23.602925582833088
66	24.614511017794225	24.652479795348693	26.762210977717753	23.970798209139325
67	24.78513828963937	25.046500403326142	26.33504137662726	23.833319930407225
68	24.526710679661903	25.27164144128406	26.639182302117426	23.56246557693661
69	24.45868323877905	25.078469160420553	26.505127396647875	23.957720204152523
70	24.669515775492627	25.32504109028975	26.2716229929217	23.733820141295926
71	24.470436767622523	25.430600000055698	26.46163082606646	23.637332406255315
72	24.504920129656007	25.408323370771118	26.490928019414806	23.59582848015807
73	25.183484066233465	26.19736639526956	26.43725534414749	22.18189419434948
74	26.760832673930313	28.15232529259041	26.776202870606618	18.310639162872654
75	33.730889358044536	37.970885724127115	28.298224917828346	0.0
>>END_MODULE
>>Per base GC content	fail
#Base	%GC
1	82.39975872171253
2	51.736258322517635
3	57.73081586416554
4	51.449272084649934
5	47.07604461199808
6	45.2410729774405
7	35.91684980490945
8	45.61116371308081
9	44.27286094658782
10	40.362733749213184
11	52.39481395959411
12	49.65516056342655
13	46.901980918391274
14	47.1374462935574
15	47.879030922262814
16	48.553716909462054
17	48.12210620583107
18	47.82461222557993
19	48.436649652332605
20	47.42463752313551
21	48.13333843770962
22	47.62211170433362
23	47.20867977566846
24	48.03868907111747
25	47.909896580077024
26	47.76110234409844
27	48.21400238344097
28	47.84055452212453
29	48.083201262742925
30	47.87468763206431
31	48.47908775032375
32	47.54537816293964
33	48.49921368341215
34	48.69018073213465
35	47.66213785026301
36	48.45759346367972
37	48.694485862664266
38	47.718182098213326
39	48.53917869403494
40	48.134646716923434
41	47.785284410715526
42	47.91677095575061
43	48.20639681042647
44	48.12936018278246
45	48.39095566551309
46	48.67226114749231
47	48.25882640542436
48	48.45091418454595
49	48.49686913332067
50	47.705886766204856
51	48.48382047775429
52	48.654510938532994
53	48.393426945719945
54	48.56448626575184
55	48.87544109924234
56	48.30607727415537
57	48.68895351973909
58	48.398244526641605
59	48.29829580674183
60	48.50612036550358
61	48.797819329386726
62	48.2996885698777
63	48.585289086738186
64	48.59750077606076
65	48.37798163876388
66	48.585309226933546
67	48.6184582200466
68	48.08917625659851
69	48.416403442931575
70	48.40333591678855
71	48.10776917387784
72	48.100748609814076
73	47.36537826058294
74	45.07147183680297
75	33.730889358044536
>>END_MODULE
>>Per sequence GC content	fail
#GC Content	Count
0	366.0
1	218.5
2	76.5
3	128.5
4	175.0
5	209.5
6	292.5
7	387.5
8	433.0
9	542.0
10	810.5
11	1232.5
12	1512.0
13	2010.0
14	3396.5
15	5362.0
16	6637.5
17	8860.5
18	13958.5
19	20805.5
20	25776.5
21	34066.5
22	51281.0
23	74146.5
24	90931.0
25	115756.5
26	160848.0
27	215603.5
28	257578.5
29	317517.5
30	427461.5
31	556617.5
32	646241.0
33	768236.0
34	985332.5
35	1191720.5
36	1309870.5
37	1438860.5
38	1607413.5
39	1762512.0
40	1861466.5
41	1880996.5
42	1902709.0
43	1911679.0
44	1912736.0
45	1899177.5
46	1834973.5
47	1752941.0
48	1709911.0
49	1667857.0
50	1609693.0
51	1552804.5
52	1511846.0
53	1484940.5
54	1436377.0
55	1377922.5
56	1340565.0
57	1288852.5
58	1213124.0
59	1140245.5
60	1077394.0
61	996450.5
62	891889.5
63	796646.0
64	724949.5
65	660935.5
66	560864.0
67	460053.5
68	397045.5
69	350144.5
70	290192.5
71	229928.5
72	189529.0
73	162966.0
74	130903.0
75	99587.0
76	79458.0
77	66650.0
78	51331.0
79	37114.5
80	29035.0
81	24838.0
82	19926.5
83	14775.5
84	11440.0
85	9650.5
86	7875.5
87	6362.0
88	5709.5
89	5293.5
90	4992.5
91	4905.5
92	4730.5
93	5191.0
94	6137.5
95	8136.0
96	9650.5
97	14091.5
98	95269.5
99	98647.5
100	25288.0
>>END_MODULE
>>Per base N content	pass
#Base	N-Count
1	0.05398237040851361
2	9.324296531733146E-4
3	5.382317510187425E-4
4	3.284982517954767E-4
5	2.6027169180718534E-4
6	5.710815761982902E-4
7	2.5521787254879344E-4
8	2.5521787254879344E-4
9	2.5521787254879344E-4
10	2.5521787254879344E-4
11	2.5521787254879344E-4
12	2.678524206947733E-4
13	2.8806769772834106E-4
14	2.5521787254879344E-4
15	2.93121516986733E-4
16	2.6532551106557735E-4
17	3.057560651327129E-4
18	3.057560651327129E-4
19	3.6387498660422034E-4
20	3.183906132786928E-4
21	3.6892880586261224E-4
22	8.768376413310032E-4
23	2.6532551106557735E-4
24	4.245208177049237E-4
25	3.234444325370847E-4
26	4.5737064288447137E-4
27	3.8914408289618006E-4
28	8.91999099106179E-4
29	0.0012558740857103992
30	0.0012811431820023591
31	0.0012103897123848719
32	0.0012154435316432638
33	6.974270576580889E-4
34	8.262994487470836E-4
35	0.0012204973509016557
36	8.364096023663265E-4
37	0.001536365907373409
38	0.00109162854579335
39	0.0016829280643770018
40	0.001435290290999042
41	0.0014479250715705824
42	9.349605319046058E-4
43	0.001048672133440825
44	6.064612533547731E-4
45	9.349613351793681E-4
46	0.0010486730344114853
47	0.0026583234393752534
48	0.0018320198509079503
49	0.0018396011340433452
50	0.0014302396684957141
51	7.479700698765768E-4
52	0.00274676950719948
53	0.0021251467324112775
54	0.0036463590662510845
55	0.0010284607952134677
56	0.002228754455013564
57	0.002170637037243684
58	0.0011194335251944688
59	0.0010613159094236616
60	0.0017132686694861644
61	0.0034593930430468775
62	0.0026987860617706644
63	0.0020367300253956986
64	0.003388675380439459
65	0.003234571749775955
66	0.0028632450239998307
67	0.0038539298421513737
68	0.004559205222362346
69	0.004895946724820167
70	0.007423858607656836
71	0.0037493201983752403
72	0.003641975809798157
73	0.004250395325879374
74	0.0032456523037685094
75	0.006394153042579856
>>END_MODULE
>>Sequence Length Distribution	warn
#Length	Count
35	119.0
36	6.0
37	5.0
38	17.0
39	8.0
40	5.0
41	8.0
42	7.0
43	17.0
44	10.0
45	7.0
46	7.0
47	8.0
48	11.0
49	9.0
50	11.0
51	15.0
52	23.0
53	16.0
54	21.0
55	28.0
56	37.0
57	49.0
58	73.0
59	36.0
60	62.0
61	68.0
62	111.0
63	252.0
64	513.0
65	1985.0
66	488.0
67	1699.0
68	4961.0
69	15172.0
70	47673.0
71	208635.0
72	942485.0
73	2824928.0
74	9391196.0
75	2.613325E7
>>END_MODULE
>>Sequence Duplication Levels	fail
#Total Duplicate Percentage	59.56884906445295
#Duplication Level	Relative count
1	100.0
2	26.20754237092187
3	15.05468334527966
4	10.782908275335846
5	8.214062752896021
6	6.489167379592592
7	5.3874078013364475
8	4.49490161622234
9	3.898356031353326
10++	50.69018936854031
>>END_MODULE
>>Overrepresented sequences	warn
#Sequence	Count	Percentage	Possible Source
TGGGGGGGGGGGGGGGGGGGGGGGGGGGGGGGGGGGGGGGGGGGGGGGGGGGGGGGGGGGGGGGGGGGGGGGGGG	126193	0.31887830683712765	No Hit
>>END_MODULE
>>Kmer Content	fail
#Sequence	Count	Obs/Exp Overall	Obs/Exp Max	Max Obs/Exp Position
GGGGG	21840860	8.346186	11.168918	71
AAAAA	9167290	3.5451927	9.306997	71
TCTTC	8515175	2.8232691	6.1754394	7
CTTCT	8489355	2.8147085	5.1072507	5
CTCCA	6699170	2.758596	9.099442	1
TTCTT	9290215	2.6971984	5.4577737	6
CCAGG	6231360	2.6447184	5.1788836	2
TCCAG	6560750	2.5665486	7.8320208	25
CTCCT	6634470	2.5120983	6.15589	1
CTTCA	6742510	2.4311795	5.251208	1
GGCAG	5508305	2.220974	8.190053	1
CCCAG	4823875	2.155082	6.615162	1
GGAAG	5419445	2.080872	7.109193	5
CCTGG	5265370	2.054891	5.3281364	1
GCCAG	4810210	2.041553	8.611871	1
CTCTG	5626220	2.0238392	5.465835	1
GAAGA	5150435	1.9823054	7.652546	6
TGGGG	5191155	1.8284439	5.862656	1
CTCAG	4672450	1.8278505	5.1271014	1
GGCCA	4270145	1.8123382	5.401284	1
CCCCA	3818930	1.7958933	5.506561	1
CTGAA	4785180	1.7826221	6.692365	19
CACAC	3859800	1.728497	7.7927194	12
AAGAG	4467210	1.7193449	7.2743316	7
TCTGA	4667785	1.598951	6.20102	18
GCACA	3756255	1.5980406	7.587368	11
AGAGC	3816320	1.5424334	7.3836393	8
CCAGT	3901475	1.5262471	6.7808995	26
GGGGA	3982590	1.5255274	5.044495	1
GAGCA	3759100	1.5193068	7.4721317	9
GCCAC	3366005	1.5037737	6.0263767	1
AGCAC	3504075	1.4907545	7.848357	10
TGAAA	4182150	1.4836302	6.1908298	38
GCCCA	3257970	1.4555087	5.2286177	1
GTCCA	3645830	1.4262394	8.741727	1
CCTGA	3637455	1.4229631	6.640186	36
GTCCT	3644370	1.3109368	6.4575124	1
GTCAG	3527165	1.310843	7.207555	1
AGTCA	3462450	1.2898657	6.2435074	28
GTCTG	3772360	1.2891437	5.8081207	17
CAGTC	3150205	1.2323521	6.4850597	27
GAAAT	3463520	1.2286941	5.8078356	39
ACTCC	2963260	1.2202166	6.8775864	23
ACCTG	2964730	1.1597949	6.366814	35
GTCAC	2925925	1.1446143	6.381208	29
GAACT	2953245	1.1001719	6.112227	21
AACTC	2632850	1.0324243	6.390022	22
TGAAC	2664330	0.99254245	6.041298	20
GACCT	2142995	0.8383342	6.0213814	34
CACGT	1838240	0.71911484	5.9646845	14
TCGGA	1868940	0.69457674	5.6761117	3
CGGAA	1694525	0.68487227	6.068696	4
ACACG	1590115	0.67648983	6.4396043	13
CACGA	1498270	0.63741577	6.2882566	31
TCACG	1488800	0.58241475	5.8682494	30
CGTCT	1563445	0.5623956	5.4468856	16
ATCGG	1391805	0.5172534	5.2572427	2
GATCG	1289935	0.47939414	5.087516	1
ACGTC	1207695	0.4724472	5.791595	15
CGACC	825825	0.36894	6.318565	33
ACGAC	808995	0.3441744	6.00099	32
>>END_MODULE
