##FastQC	0.10.1
>>Basic Statistics	pass
#Measure	Value	
Filename	SRR13389805.fastq	
File type	Conventional base calls	
Encoding	Sanger / Illumina 1.9	
Total Sequences	34306277	
Filtered Sequences	0	
Sequence length	36-70	
%GC	49	
>>END_MODULE
>>Per base sequence quality	pass
#Base	Mean	Median	Lower Quartile	Upper Quartile	10th Percentile	90th Percentile
1	35.83112046812891	36.0	36.0	36.0	36.0	36.0
2	35.464296460965436	36.0	36.0	36.0	36.0	36.0
3	35.50711911992082	36.0	36.0	36.0	36.0	36.0
4	35.5539549803087	36.0	36.0	36.0	36.0	36.0
5	35.5173754645542	36.0	36.0	36.0	36.0	36.0
6	35.63963833790533	36.0	36.0	36.0	36.0	36.0
7	35.64378845305773	36.0	36.0	36.0	36.0	36.0
8	35.616200353072415	36.0	36.0	36.0	36.0	36.0
9	35.609175953426835	36.0	36.0	36.0	36.0	36.0
10	35.610677719415605	36.0	36.0	36.0	36.0	36.0
11	35.61100561859277	36.0	36.0	36.0	36.0	36.0
12	35.61570948080434	36.0	36.0	36.0	36.0	36.0
13	35.60883613223318	36.0	36.0	36.0	36.0	36.0
14	35.607094060366855	36.0	36.0	36.0	36.0	36.0
15	35.6046015718931	36.0	36.0	36.0	36.0	36.0
16	35.610972330224	36.0	36.0	36.0	36.0	36.0
17	35.58858450306339	36.0	36.0	36.0	36.0	36.0
18	35.579770751574124	36.0	36.0	36.0	36.0	36.0
19	35.57236315674825	36.0	36.0	36.0	36.0	36.0
20	35.56182042137653	36.0	36.0	36.0	36.0	36.0
21	35.55321456187158	36.0	36.0	36.0	36.0	36.0
22	35.54518772176882	36.0	36.0	36.0	36.0	36.0
23	35.52913960905755	36.0	36.0	36.0	36.0	36.0
24	35.53718583336804	36.0	36.0	36.0	36.0	36.0
25	35.51847389327615	36.0	36.0	36.0	36.0	36.0
26	35.50602809509175	36.0	36.0	36.0	36.0	36.0
27	35.49296512122257	36.0	36.0	36.0	36.0	36.0
28	35.49357524280469	36.0	36.0	36.0	36.0	36.0
29	35.48469747970612	36.0	36.0	36.0	36.0	36.0
30	35.479025106688205	36.0	36.0	36.0	36.0	36.0
31	35.4799872921215	36.0	36.0	36.0	36.0	36.0
32	35.46060760250959	36.0	36.0	36.0	36.0	36.0
33	35.42943972031707	36.0	36.0	36.0	36.0	36.0
34	35.40199573390024	36.0	36.0	36.0	36.0	36.0
35	35.36848953327112	36.0	36.0	36.0	36.0	36.0
36	35.36254470282508	36.0	36.0	36.0	36.0	36.0
37	35.35971370553691	36.0	36.0	36.0	36.0	36.0
38	35.34638521355866	36.0	36.0	36.0	36.0	36.0
39	35.33217047645549	36.0	36.0	36.0	36.0	36.0
40	35.331127111234856	36.0	36.0	36.0	36.0	36.0
41	35.32638264158767	36.0	36.0	36.0	36.0	36.0
42	35.32472585041186	36.0	36.0	36.0	36.0	36.0
43	35.31116109463217	36.0	36.0	36.0	36.0	36.0
44	35.27772796235422	36.0	36.0	36.0	36.0	36.0
45	35.28421508110888	36.0	36.0	36.0	36.0	36.0
46	35.27979447488284	36.0	36.0	36.0	36.0	36.0
47	35.24366925020634	36.0	36.0	36.0	36.0	36.0
48	35.229904186393746	36.0	36.0	36.0	36.0	36.0
49	35.208682929344114	36.0	36.0	36.0	36.0	36.0
50	35.17134907740283	36.0	36.0	36.0	32.0	36.0
51	35.14276794862598	36.0	36.0	36.0	32.0	36.0
52	35.135219053410175	36.0	36.0	36.0	32.0	36.0
53	35.14727053685791	36.0	36.0	36.0	32.0	36.0
54	35.104731649113084	36.0	36.0	36.0	32.0	36.0
55	35.11180374679698	36.0	36.0	36.0	32.0	36.0
56	35.122704515371076	36.0	36.0	36.0	32.0	36.0
57	35.083053653932105	36.0	36.0	36.0	32.0	36.0
58	35.07176210467103	36.0	36.0	36.0	32.0	36.0
59	35.09473642307592	36.0	36.0	36.0	32.0	36.0
60	35.09653313659397	36.0	36.0	36.0	32.0	36.0
61	35.05500516170273	36.0	36.0	36.0	32.0	36.0
62	35.076733319554044	36.0	36.0	36.0	32.0	36.0
63	35.07274594271933	36.0	36.0	36.0	32.0	36.0
64	35.06626626519564	36.0	36.0	36.0	32.0	36.0
65	35.05482804359194	36.0	36.0	36.0	32.0	36.0
66	35.05084010859914	36.0	36.0	36.0	32.0	36.0
67	35.06224984620899	36.0	36.0	36.0	32.0	36.0
68	35.10192072857908	36.0	36.0	36.0	32.0	36.0
69	35.28670910540533	36.0	36.0	36.0	32.0	36.0
70	35.243421896671144	36.0	36.0	36.0	32.0	36.0
>>END_MODULE
>>Per sequence quality scores	pass
#Quality	Count
31	326.0
32	57051.0
33	1181589.0
34	7054054.0
35	2.3385016E7
36	2628241.0
>>END_MODULE
>>Per base sequence content	fail
#Base	G	A	T	C
1	25.404744443706324	28.73361338509568	24.718237423431287	21.143404747766713
2	19.72308741050508	21.595386173789713	41.10733146590054	17.574194949804667
3	21.988104392674263	21.243505962480278	31.822100661053952	24.946288983791508
4	21.823044220158312	20.27101337752272	33.9590856798597	23.946856722459277
5	23.80290347448661	31.661654804454592	25.948997613468812	18.58644410758999
6	28.61186015608747	23.77044294255538	22.51416847126839	25.103528430088755
7	26.273344270885012	21.396589358751733	27.546534051087328	24.783532319275924
8	25.38232224022023	23.06018987199716	28.272779290782708	23.284708596999906
9	24.79337527648366	23.526811143045336	28.201343445107728	23.478470135363274
10	25.59716044942683	23.04842257133491	27.45162590376326	23.902791075475
11	26.131128310166922	23.194493625597833	27.03890973185198	23.635468332383265
12	25.787705294511383	23.620447963102247	27.134103764085292	23.457742978301077
13	25.632769769800433	23.591685568212487	26.997260588783796	23.778284073203277
14	26.083705753129426	23.697931818173867	26.68949592535102	23.528866503345686
15	25.606660915920536	23.88222993503258	27.09665372277542	23.41445542627146
16	25.623538441156445	23.648881625557312	27.022268381591523	23.705311551694713
17	25.77398452857324	23.918775169824215	26.72537790462362	23.581862396978927
18	25.532586937370088	23.805876691312207	27.164996656442785	23.49653971487492
19	25.463690666978835	23.635039839357674	26.93914081493427	23.962128678729222
20	25.786276048881092	23.78133945886047	26.45027999544806	23.98210449681038
21	25.41098236920316	24.010127942475368	26.930491466619944	23.648398221701527
22	25.44784516978759	23.66920851450038	26.907997825237572	23.974948490474453
23	25.73893819703767	23.65401793235822	26.677026683066394	23.93001718753771
24	25.60462054325989	23.76958858452372	26.91452398976992	23.711266882446473
25	25.609594212881937	23.619537819682144	26.77167061968625	23.99919734774967
26	25.853280834072823	23.75424415968852	26.405862183582173	23.986612822656483
27	25.40921893896419	23.787264654165686	26.962870838563063	23.840645568307064
28	25.470737564882455	23.34047974320729	26.89301984739233	24.295762844517927
29	25.98406116758166	23.600360365538936	26.33843946400829	24.077139002871107
30	25.585499487790337	23.69954653179373	26.868419714836918	23.84653426557902
31	25.53865009336923	23.541802228624746	26.708649081017814	24.210898596988205
32	25.940392029429272	23.518667195666467	26.476982285240087	24.063958489664174
33	25.61851853805931	23.753200113320602	26.76769250532418	23.860588843295908
34	25.692903782163274	23.42644904261145	26.669385130950634	24.211262044274648
35	25.872550878014174	23.641658249583465	26.387087264022043	24.098703608380323
36	25.5682173107092	23.6163425517553	26.743491853672968	24.071948283862536
37	25.46730178885811	23.484321604689264	26.77746437005831	24.270912236394317
38	25.827532183038706	23.546323109775194	26.412251362593935	24.21389334459217
39	25.475765272482437	23.709698957390643	26.898808840226206	23.915726929900718
40	25.4134609810185	23.404653237984064	26.884434763846166	24.29745101715127
41	25.73165060729582	23.589931596302115	26.451198766466444	24.22721902993562
42	25.492126148826372	23.75196936343431	26.778213993676452	23.97769049406287
43	25.500138102478374	23.423129490646033	26.78647366673087	24.29025874014472
44	25.832721192335228	23.467005027147238	26.403043048727675	24.297230731789853
45	25.468428073615808	23.723207603645175	26.88155242621099	23.926811896528026
46	25.46195401432388	23.499103389104732	26.65593694665595	24.383005649915436
47	25.77584113721743	23.59149930298963	26.479704712868973	24.15295484692397
48	25.573764643117148	23.710276977831768	26.846293516717267	23.869664862333813
49	25.384923589673164	23.516396723105178	26.82943405142668	24.269245635794977
50	25.795722532090803	23.622418180574318	26.34904867442926	24.232810612905617
51	25.433440938730843	23.685631813526843	26.90422015476537	23.97670709297694
52	25.40704412762784	23.437531192954733	26.739623517358975	24.415801162058447
53	25.655470825404723	23.588221758431814	26.535632095340155	24.220675320823307
54	25.32131504385732	23.688740347568473	26.94044084649052	24.04950376208369
55	25.33877905508192	23.460717075774554	26.808840591233075	24.391663277910453
56	25.66687337115608	23.68647856704354	26.378770516477886	24.267877545322495
57	25.25854135740172	23.807758767323286	26.884230723375797	24.049469151899196
58	25.22244026177219	23.454976649071018	26.970621954817943	24.35196113433885
59	25.624752775483074	23.59663219831393	26.472527657296073	24.30608736890692
60	25.381801397803088	23.74961064102003	26.808972083248133	24.05961587792875
61	25.32395820988879	23.39873877954868	26.864023662083238	24.413279348479293
62	25.73657860081255	23.60772286593728	26.440216727877964	24.21548180537221
63	25.464769817242633	23.73847124235087	26.80881025720714	23.987948683199363
64	25.458390400633984	23.5352439034895	26.692375665067345	24.313990030809162
65	25.733195184999484	23.710001567542268	26.43299006534346	24.123813182114787
66	25.453357015175794	23.80051111064745	26.693708556577768	24.052423317598993
67	25.503010599361538	23.8201029326301	26.808912292442816	23.86797417556555
68	26.362483536964703	24.559565883697513	26.69378634900641	22.384164230331375
69	28.183514340655925	26.372651205305235	27.24244025526267	18.201394198776164
70	36.020743934765804	33.058905094827416	30.92035097040678	0.0
>>END_MODULE
>>Per base GC content	fail
#Base	%GC
1	46.54814919147304
2	37.297282360309744
3	46.93439337646577
4	45.76990094261759
5	42.389347582076596
6	53.715388586176225
7	51.05687659016094
8	48.66703083722014
9	48.27184541184694
10	49.49995152490183
11	49.766596642550184
12	49.24544827281246
13	49.411053843003714
14	49.61257225647511
15	49.021116342191995
16	49.32884999285116
17	49.355846925552164
18	49.02912665224501
19	49.42581934570806
20	49.76838054569147
21	49.05938059090469
22	49.42279366026205
23	49.66895538457538
24	49.315887425706364
25	49.60879156063161
26	49.83989365672931
27	49.249864507271255
28	49.76650040940038
29	50.06120017045277
30	49.43203375336935
31	49.749548690357436
32	50.00435051909344
33	49.47910738135521
34	49.90416582643792
35	49.97125448639449
36	49.640165594571734
37	49.738214025252425
38	50.041425527630864
39	49.391492202383155
40	49.71091199816977
41	49.95886963723144
42	49.46981664288924
43	49.79039684262309
44	50.12995192412508
45	49.395239970143834
46	49.84495966423932
47	49.9287959841414
48	49.44342950545096
49	49.654169225468145
50	50.02853314499642
51	49.41014803170779
52	49.82284528968629
53	49.87614614622803
54	49.370818805941006
55	49.73044233299237
56	49.93475091647858
57	49.30801050930092
58	49.57440139611104
59	49.93084014438999
60	49.44141727573184
61	49.737237558368086
62	49.952060406184756
63	49.452718500441996
64	49.772380431443146
65	49.857008367114275
66	49.50578033277478
67	49.37098477492709
68	48.74664776729608
69	46.38490853943208
70	36.020743934765804
>>END_MODULE
>>Per sequence GC content	warn
#GC Content	Count
0	189.0
1	204.0
2	222.0
3	260.0
4	388.0
5	499.0
6	619.0
7	828.0
8	1115.0
9	1529.5
10	1889.5
11	2192.5
12	2773.5
13	3614.5
14	5075.5
15	7186.5
16	9428.0
17	11862.5
18	16068.0
19	21927.0
20	27428.0
21	36360.0
22	51736.5
23	64584.5
24	82741.5
25	113568.0
26	149885.5
27	184189.0
28	237180.0
29	317945.0
30	388939.0
31	488979.5
32	622756.0
33	728289.5
34	863421.5
35	1030100.0
36	1213276.5
37	1365599.0
38	1479391.5
39	1608514.0
40	1703788.0
41	1758966.5
42	1789829.0
43	1812084.5
44	1820437.5
45	1794198.0
46	1752142.0
47	1730373.5
48	1702087.5
49	1660078.0
50	1636389.0
51	1603684.0
52	1556575.0
53	1531068.0
54	1504345.5
55	1457529.0
56	1393237.0
57	1337385.5
58	1290841.5
59	1224066.5
60	1162453.5
61	1099287.0
62	1010222.0
63	925557.0
64	836869.5
65	740673.0
66	646622.0
67	566082.0
68	503284.0
69	428051.5
70	365650.5
71	321908.0
72	270555.0
73	223567.0
74	187588.5
75	152778.5
76	122057.0
77	101707.5
78	84973.5
79	66041.0
80	52950.0
81	44148.5
82	35157.5
83	26937.5
84	21875.0
85	17125.5
86	12327.0
87	9641.0
88	7358.5
89	4837.0
90	3457.0
91	2444.5
92	1642.0
93	1127.0
94	659.0
95	407.5
96	303.5
97	237.0
98	287.0
99	108025.0
100	215711.0
>>END_MODULE
>>Per base N content	pass
#Base	N-Count
1	0.0
2	0.0
3	0.0
4	0.0
5	0.0
6	0.0
7	2.9149184564678937E-6
8	2.0404429195275257E-5
9	0.0
10	8.74475536940368E-6
11	2.9149184564678937E-6
12	4.0808858390550514E-5
13	0.0
14	2.6234266108211045E-5
15	1.1659673825871575E-5
16	3.497902147761472E-5
17	1.9821445503981678E-4
18	0.0
19	2.9149184564678937E-6
20	1.4574592282339469E-5
21	0.0
22	2.9149184564678937E-6
23	7.287296141169734E-5
24	2.331934765174315E-5
25	3.789393993408262E-5
26	4.66386953034863E-5
27	2.331934765174315E-5
28	2.0404429195275257E-5
29	0.0
30	3.789393993408262E-5
31	2.331934765174315E-5
32	7.578787986816524E-5
33	2.0404429195275257E-4
34	4.1683333927490876E-4
35	1.5740559664926626E-4
36	2.331934765174315E-4
37	2.93501690599088E-5
38	2.6602186906669626E-5
39	1.7860338582010565E-5
40	1.1990500406148225E-5
41	1.2980098369826427E-4
42	3.4353442075050046E-4
43	3.980338109514533E-5
44	2.1277514292938952E-4
45	8.385160613558973E-5
46	2.8151040592267868E-5
47	3.276924233541601E-4
48	5.0785718548087095E-5
49	3.262121435604635E-4
50	3.222444610285766E-5
51	2.792828833918296E-4
52	3.927242594611365E-5
53	2.308982572228356E-5
54	2.9915968040173026E-5
55	8.037893308353348E-5
56	2.4970496851810866E-4
57	3.026471457670733E-4
58	1.7133389329818567E-5
59	4.3156751328243966E-4
60	6.261744249214082E-5
61	5.609784249100226E-5
62	8.126246539720563E-5
63	1.9940209282466527E-4
64	1.0408490543114677E-4
65	3.2212147903126705E-4
66	8.404374659714178E-5
67	2.5962548504531244E-5
68	1.656800292490753E-4
69	1.2878956866312823E-5
70	0.0
>>END_MODULE
>>Sequence Length Distribution	warn
#Length	Count
36	234923.0
37	239549.0
38	237817.0
39	234246.0
40	232104.0
41	234282.0
42	232814.0
43	231942.0
44	228859.0
45	229342.0
46	233321.0
47	232158.0
48	236924.0
49	235655.0
50	239190.0
51	237361.0
52	239407.0
53	232115.0
54	225698.0
55	223597.0
56	227790.0
57	224399.0
58	218602.0
59	218198.0
60	224388.0
61	218246.0
62	219392.0
63	222089.0
64	232541.0
65	262628.0
66	404786.0
67	1008273.0
68	2659829.0
69	8632177.0
70	1.4661635E7
>>END_MODULE
>>Sequence Duplication Levels	fail
#Total Duplicate Percentage	57.028561718517686
#Duplication Level	Relative count
1	100.0
2	24.24811617126914
3	13.733825435532415
4	9.527889452755993
5	7.110217711285397
6	5.892045080076452
7	4.724400799666073
8	4.11037149322261
9	3.372218194600057
10++	46.96939739449461
>>END_MODULE
>>Overrepresented sequences	warn
#Sequence	Count	Percentage	Possible Source
GGGGGGGGGGGGGGGGGGGGGGGGGGGGGGGGGGGGGGGGGGGGGGGGGGGGGGGGGGGGGGGGGGGGGG	104875	0.3057020731220704	No Hit
>>END_MODULE
>>Kmer Content	warn
#Sequence	Count	Obs/Exp Overall	Obs/Exp Max	Max Obs/Exp Position
GGGGG	15649265	6.863428	8.858361	66
TCTTC	6831955	2.9115384	6.219853	2
TCCAG	5156045	2.6710486	5.2083025	2
TTCTT	7143265	2.6445167	5.33822	1
CTTCA	5269940	2.5658166	5.774581	1
TTCAG	4267955	1.9206885	5.0347586	2
>>END_MODULE
