##FastQC	0.10.1
>>Basic Statistics	pass
#Measure	Value	
Filename	SRR13389840.fastq	
File type	Conventional base calls	
Encoding	Sanger / Illumina 1.9	
Total Sequences	32490493	
Filtered Sequences	0	
Sequence length	36-70	
%GC	47	
>>END_MODULE
>>Per base sequence quality	pass
#Base	Mean	Median	Lower Quartile	Upper Quartile	10th Percentile	90th Percentile
1	35.83234504936567	36.0	36.0	36.0	36.0	36.0
2	35.47040101853795	36.0	36.0	36.0	36.0	36.0
3	35.511607841715424	36.0	36.0	36.0	36.0	36.0
4	35.555946319435655	36.0	36.0	36.0	36.0	36.0
5	35.51765536460158	36.0	36.0	36.0	36.0	36.0
6	35.644560764282645	36.0	36.0	36.0	36.0	36.0
7	35.648301458522035	36.0	36.0	36.0	36.0	36.0
8	35.62010955019981	36.0	36.0	36.0	36.0	36.0
9	35.61277759004765	36.0	36.0	36.0	36.0	36.0
10	35.61709371415201	36.0	36.0	36.0	36.0	36.0
11	35.61576187840548	36.0	36.0	36.0	36.0	36.0
12	35.621152778445065	36.0	36.0	36.0	36.0	36.0
13	35.61327505864562	36.0	36.0	36.0	36.0	36.0
14	35.61326567128421	36.0	36.0	36.0	36.0	36.0
15	35.60996793739018	36.0	36.0	36.0	36.0	36.0
16	35.61658950512078	36.0	36.0	36.0	36.0	36.0
17	35.594382332087115	36.0	36.0	36.0	36.0	36.0
18	35.586623447049575	36.0	36.0	36.0	36.0	36.0
19	35.581346611145605	36.0	36.0	36.0	36.0	36.0
20	35.5712522121471	36.0	36.0	36.0	36.0	36.0
21	35.56381043525563	36.0	36.0	36.0	36.0	36.0
22	35.555786672735316	36.0	36.0	36.0	36.0	36.0
23	35.5373700546803	36.0	36.0	36.0	36.0	36.0
24	35.54418586384639	36.0	36.0	36.0	36.0	36.0
25	35.529934925887396	36.0	36.0	36.0	36.0	36.0
26	35.51604332381168	36.0	36.0	36.0	36.0	36.0
27	35.50416418735167	36.0	36.0	36.0	36.0	36.0
28	35.506665996111536	36.0	36.0	36.0	36.0	36.0
29	35.49514456428839	36.0	36.0	36.0	36.0	36.0
30	35.49154468047007	36.0	36.0	36.0	36.0	36.0
31	35.4928143441837	36.0	36.0	36.0	36.0	36.0
32	35.471822757506324	36.0	36.0	36.0	36.0	36.0
33	35.44092190290864	36.0	36.0	36.0	36.0	36.0
34	35.41390778527122	36.0	36.0	36.0	36.0	36.0
35	35.38236852854156	36.0	36.0	36.0	36.0	36.0
36	35.37605963689132	36.0	36.0	36.0	36.0	36.0
37	35.372596810672775	36.0	36.0	36.0	36.0	36.0
38	35.36194423542715	36.0	36.0	36.0	36.0	36.0
39	35.35042765757627	36.0	36.0	36.0	36.0	36.0
40	35.34672027879911	36.0	36.0	36.0	36.0	36.0
41	35.343349444063584	36.0	36.0	36.0	36.0	36.0
42	35.3391772244063	36.0	36.0	36.0	36.0	36.0
43	35.32811214639253	36.0	36.0	36.0	36.0	36.0
44	35.291363425707395	36.0	36.0	36.0	36.0	36.0
45	35.3014278876537	36.0	36.0	36.0	36.0	36.0
46	35.29460677681749	36.0	36.0	36.0	36.0	36.0
47	35.26160884806413	36.0	36.0	36.0	36.0	36.0
48	35.24798636916013	36.0	36.0	36.0	36.0	36.0
49	35.22543965099882	36.0	36.0	36.0	36.0	36.0
50	35.18943576598345	36.0	36.0	36.0	32.0	36.0
51	35.16135040509438	36.0	36.0	36.0	32.0	36.0
52	35.15184293729025	36.0	36.0	36.0	32.0	36.0
53	35.163950802138224	36.0	36.0	36.0	32.0	36.0
54	35.121284114261925	36.0	36.0	36.0	32.0	36.0
55	35.13137703953468	36.0	36.0	36.0	32.0	36.0
56	35.138779207416185	36.0	36.0	36.0	32.0	36.0
57	35.10356511149051	36.0	36.0	36.0	32.0	36.0
58	35.09205958967941	36.0	36.0	36.0	32.0	36.0
59	35.114253056976445	36.0	36.0	36.0	32.0	36.0
60	35.11446500736127	36.0	36.0	36.0	32.0	36.0
61	35.06793793073635	36.0	36.0	36.0	32.0	36.0
62	35.092188276198684	36.0	36.0	36.0	32.0	36.0
63	35.089151507225075	36.0	36.0	36.0	32.0	36.0
64	35.08226974082823	36.0	36.0	36.0	32.0	36.0
65	35.067418874609906	36.0	36.0	36.0	32.0	36.0
66	35.065359603884254	36.0	36.0	36.0	32.0	36.0
67	35.07198367083865	36.0	36.0	36.0	32.0	36.0
68	35.10889084361547	36.0	36.0	36.0	32.0	36.0
69	35.28747873838147	36.0	36.0	36.0	32.0	36.0
70	35.25115458395469	36.0	36.0	36.0	32.0	36.0
>>END_MODULE
>>Per sequence quality scores	pass
#Quality	Count
31	299.0
32	50756.0
33	1069613.0
34	6486602.0
35	2.2365162E7
36	2518061.0
>>END_MODULE
>>Per base sequence content	fail
#Base	G	A	T	C
1	24.865553748291845	29.592382608660323	25.2189678993175	20.323095743730327
2	18.865435498316387	22.69489724271035	41.259570915098145	17.180096343875114
3	21.59564030007178	22.315333903982314	32.01936024793468	24.06966554801123
4	20.78897664002821	21.428739169947345	34.84575010911654	22.936534080907915
5	22.311446613013842	33.44269352884242	26.026517972503527	18.21934188564021
6	27.04522212082162	25.35144049676316	23.105315761136648	24.498021621278568
7	25.03801727594645	22.777759105648506	28.139226084972798	24.04499753343224
8	24.22262161437792	24.254781800111072	28.587210335186143	22.935386250324864
9	23.701287019559842	24.80282155152278	28.51233743975507	22.983553989162306
10	24.49732138550938	24.286641282213925	27.806378795568214	23.409658536708477
11	24.88472243249741	24.489471427841984	27.355122004458348	23.27068413520226
12	24.74911267859923	24.86994806663687	27.499973684600924	22.880965570162978
13	24.598762616460224	24.747646172917296	27.36004736401037	23.29354384661211
14	24.880233390189982	24.82356756592384	27.10260724655894	23.193591797327237
15	24.555516063655308	25.065551493101612	27.45908587153262	22.919846571710465
16	24.53216833152875	24.811191610933157	27.458043939579962	23.198596117958125
17	24.544476579039006	25.157398674920422	27.128613210550085	23.169511535490486
18	24.431214386312945	25.104974553633276	27.64713050060521	22.816680559448574
19	24.322062456854688	24.917190391663187	27.474732377868193	23.286014773613932
20	24.565287398413734	25.038404315798385	26.94857254995454	23.447735735833337
21	24.30353703774209	25.281598527913996	27.377131519672538	23.037732914671377
22	24.415606743794253	24.862226621184234	27.27687142204952	23.445295212971992
23	24.566423551230294	24.89814549893778	27.062986850541748	23.47244409929018
24	24.58392054363971	24.988217321075098	27.27458487928575	23.15327725599944
25	24.560252024554266	24.817207253138882	27.16307558966879	23.459465132638062
26	24.60021762060891	24.909175728318527	26.93569493521627	23.554911715856292
27	24.35167486557912	24.985177200170092	27.4338569491477	23.229290985103084
28	24.41220485282984	24.58917973710827	27.30217085703181	23.696444553030076
29	24.758236963601536	24.891688312999385	26.76888672538415	23.581187998014926
30	24.524453734551205	24.97788813626836	27.290999759714207	23.20665836946623
31	24.51767799204462	24.765796802712966	27.131471083393865	23.585054121848543
32	24.786342648242837	24.68395873902297	26.951821576409348	23.57787703632485
33	24.576586976864178	24.997187634183707	27.154560761705927	23.27166462724619
34	24.605300116200542	24.667001452922282	27.094532160317474	23.6331662705597
35	24.712309185386125	24.886154190113054	26.77132433679868	23.63021228770214
36	24.569384487010645	24.885902489814608	27.11626824295944	23.428444780215308
37	24.430053089060465	24.67113826268638	27.21927620407253	23.67953244418063
38	24.69643170917746	24.789748539377893	26.799395583989266	23.714424167455384
39	24.44524624293864	25.007877586437566	27.245266058237316	23.30161011238648
40	24.39555941560831	24.638654815822573	27.27279081445198	23.69299495411714
41	24.62115121224798	24.795025004825582	26.91249549681333	23.671328286113106
42	24.47851458045728	25.0440891832154	27.172841620996884	23.304554615330435
43	24.480424015583566	24.707168918609177	27.239779417888947	23.572627647918306
44	24.64684377058311	24.695892953409356	26.930693095056423	23.72657018095111
45	24.429565123913193	24.9646124575541	27.37776755591022	23.228054862622486
46	24.513047737651572	24.66964827837635	27.113606262439404	23.703697721532674
47	24.620085048309807	24.828464727984475	26.954486562103458	23.596963661602263
48	24.532814664104485	24.986468560665806	27.2238883346203	23.25682844060941
49	24.367269050710906	24.77828278105739	27.184556115545856	23.669892052685856
50	24.630799073033952	24.872961233728766	26.795616676905777	23.700623016331505
51	24.346739561909907	25.00587777556733	27.304259817201437	23.343122845321325
52	24.36674811033264	24.73769538194916	27.135005984087307	23.76055052363089
53	24.475313171626283	24.876239221871202	26.97520174735473	23.67324585914778
54	24.2801572558712	25.056850995173058	27.32706494851569	23.33592680044005
55	24.29151781486876	24.73473355481203	27.242912183733374	23.730836446585833
56	24.473771758541734	25.01262507751501	26.85742471839539	23.656178445547866
57	24.193295130615727	25.13660690338833	27.335598907073273	23.334499058922674
58	24.18117448390428	24.766212571077705	27.390104880417365	23.66250806460065
59	24.453070980915246	24.85992711591692	26.94570966965913	23.741292233508705
60	24.350803587394193	25.092463558093097	27.266605643733293	23.290127210779417
61	24.331253336815276	24.76454820160961	27.22466042870235	23.67953803287276
62	24.686883608154986	24.90123819059536	26.83395365901885	23.577924542230804
63	24.508496488798745	25.06298796846262	27.217201533315876	23.21131400942276
64	24.441148569606728	24.87843751525558	27.062226642615332	23.61818727252236
65	24.660442283656753	25.053587193818927	26.822526626884567	23.463443895639745
66	24.449023527437614	25.184999049832403	27.085081280149808	23.28089614258018
67	24.505618693157786	25.15097460127191	27.1108934158004	23.232513289769905
68	25.219830517931037	25.877628928053003	27.051453184899998	21.851087369115962
69	26.957942719455158	27.733618535287274	27.708964787333684	17.599473957923884
70	34.069508447895075	34.4705585995139	31.459932952591025	0.0
>>END_MODULE
>>Per base GC content	fail
#Base	%GC
1	45.18864949202218
2	36.045531842191494
3	45.665305848083
4	43.72551072093612
5	40.530788498654054
6	51.54324374210019
7	49.083014809378696
8	47.15800786470278
9	46.68484100872215
10	47.90697992221786
11	48.155406567699664
12	47.63007824876221
13	47.89230646307234
14	48.073825187517215
15	47.47536263536577
16	47.73076444948688
17	47.71398811452949
18	47.24789494576152
19	47.608077230468616
20	48.01302313424707
21	47.34126995241346
22	47.86090195676624
23	48.03886765052047
24	47.73719779963915
25	48.019717157192325
26	48.1551293364652
27	47.580965850682205
28	48.10864940585992
29	48.33942496161646
30	47.731112104017434
31	48.10273211389317
32	48.364219684567686
33	47.84825160411037
34	48.238466386760244
35	48.34252147308826
36	47.99782926722595
37	48.109585533241095
38	48.410855876632844
39	47.74685635532512
40	48.08855436972545
41	48.29247949836108
42	47.78306919578771
43	48.053051663501876
44	48.37341395153422
45	47.65761998653568
46	48.216745459184246
47	48.21704870991207
48	47.789643104713896
49	48.037161103396755
50	48.33142208936546
51	47.68986240723123
52	48.127298633963534
53	48.14855903077407
54	47.616084056311244
55	48.022354261454595
56	48.1299502040896
57	47.527794189538405
58	47.84368254850493
59	48.19436321442395
60	47.640930798173606
61	48.010791369688036
62	48.26480815038579
63	47.719810498221506
64	48.05933584212909
65	48.1238861792965
66	47.72991967001779
67	47.73813198292769
68	47.070917887046996
69	44.55741667737904
70	34.069508447895075
>>END_MODULE
>>Per sequence GC content	fail
#GC Content	Count
0	857.0
1	782.0
2	725.0
3	785.5
4	1081.5
5	1388.5
6	1599.5
7	1936.5
8	2378.0
9	3051.0
10	3696.5
11	4325.0
12	5459.0
13	6901.0
14	9119.0
15	12567.0
16	16433.5
17	20249.0
18	26655.5
19	36273.5
20	45676.5
21	60841.0
22	87791.5
23	109990.0
24	140491.5
25	194316.0
26	255280.0
27	309095.5
28	382916.0
29	487036.0
30	574089.0
31	681823.5
32	825129.0
33	937918.0
34	1064248.0
35	1211322.0
36	1355213.5
37	1468748.5
38	1556584.0
39	1648101.5
40	1702564.0
41	1722867.0
42	1725119.5
43	1725494.5
44	1699874.5
45	1642311.0
46	1582961.5
47	1549209.5
48	1515915.5
49	1457327.5
50	1418881.5
51	1378769.5
52	1328051.0
53	1302881.5
54	1269100.5
55	1222931.0
56	1173012.0
57	1126667.0
58	1081562.5
59	1017351.0
60	963251.0
61	909416.5
62	828238.5
63	752352.0
64	676372.0
65	594223.5
66	516396.5
67	452476.5
68	402297.5
69	342518.5
70	292340.5
71	255174.0
72	215242.5
73	179625.5
74	151217.5
75	123530.5
76	98891.0
77	82607.5
78	69159.0
79	53903.0
80	43034.0
81	35688.0
82	28518.5
83	21974.0
84	17957.5
85	14138.0
86	10255.5
87	8055.0
88	6176.5
89	4212.5
90	3141.0
91	2206.5
92	1425.5
93	964.0
94	580.5
95	367.5
96	258.0
97	187.0
98	231.5
99	101185.5
100	202088.0
>>END_MODULE
>>Per base N content	pass
#Base	N-Count
1	0.0
2	0.0
3	0.0
4	0.0
5	0.0
6	0.0
7	3.0778234112975753E-6
8	2.770041070167818E-5
9	0.0
10	6.1556468225951505E-6
11	0.0
12	3.385605752427333E-5
13	3.0778234112975753E-6
14	3.077823411297575E-5
15	1.5389117056487876E-5
16	4.308952775816606E-5
17	2.0621416855693756E-4
18	0.0
19	0.0
20	1.2311293645190301E-5
21	0.0
22	0.0
23	8.925687892762969E-5
24	1.2311293645190301E-5
25	2.4622587290380602E-5
26	1.2311293645190301E-5
27	1.5389117056487876E-5
28	2.154476387908303E-5
29	3.0778234112975753E-6
30	4.9245174580761204E-5
31	3.077823411297575E-5
32	1.1080164280671272E-4
33	1.6620246421006907E-4
34	3.416383986540309E-4
35	1.7543593444396181E-4
36	2.523815197264012E-4
37	4.028258543549039E-5
38	3.119919795597831E-5
39	2.5130366130272616E-5
40	4.427792430783721E-5
41	1.0189275341921831E-4
42	3.3663705735352876E-4
43	1.936969339002111E-5
44	1.7879773541940229E-4
45	5.237504117169252E-5
46	3.955556422847927E-5
47	2.8218555300268006E-4
48	7.356309294151757E-5
49	3.6041591727383555E-4
50	2.7145934473853934E-5
51	2.9401611898928064E-4
52	2.066922827302397E-5
53	3.124044020834874E-5
54	2.098273917909649E-5
55	5.988827032917024E-5
56	2.1646491781465818E-4
57	2.895834163800178E-4
58	5.7626767633565796E-5
59	4.389757657805257E-4
60	5.4817552931280935E-5
61	6.259833000911654E-5
62	7.790389263864231E-5
63	1.7567749558946696E-4
64	7.15693343181776E-5
65	3.569681977032666E-4
66	6.899154899519175E-5
67	5.4436759183753466E-5
68	1.693140804411196E-4
69	8.94872803898245E-6
70	0.0
>>END_MODULE
>>Sequence Length Distribution	warn
#Length	Count
36	218483.0
37	219904.0
38	218109.0
39	215532.0
40	212895.0
41	214708.0
42	214636.0
43	215210.0
44	212114.0
45	211830.0
46	215048.0
47	215723.0
48	218378.0
49	217580.0
50	220246.0
51	221437.0
52	219847.0
53	213881.0
54	208739.0
55	206107.0
56	208871.0
57	206340.0
58	200711.0
59	200666.0
60	206224.0
61	200983.0
62	202722.0
63	205886.0
64	214805.0
65	242726.0
66	372236.0
67	911946.0
68	2456425.0
69	8074273.0
70	1.4275272E7
>>END_MODULE
>>Sequence Duplication Levels	fail
#Total Duplicate Percentage	52.47234471223296
#Duplication Level	Relative count
1	100.0
2	23.730016696493735
3	13.166235090630968
4	8.725167714779896
5	6.55762289919117
6	5.016946441247338
7	3.96716689495206
8	3.2443186930744545
9	2.714429969706362
10++	32.8361044180722
>>END_MODULE
>>Overrepresented sequences	warn
#Sequence	Count	Percentage	Possible Source
GGGGGGGGGGGGGGGGGGGGGGGGGGGGGGGGGGGGGGGGGGGGGGGGGGGGGGGGGGGGGGGGGGGGGG	95198	0.29300263310870656	No Hit
>>END_MODULE
>>Kmer Content	fail
#Sequence	Count	Obs/Exp Overall	Obs/Exp Max	Max Obs/Exp Position
GGGGG	14170705	8.146466	10.099636	66
TCTTC	6248650	2.8215759	5.9828706	2
TTCTT	6933400	2.6111195	5.3498034	1
CTTCA	4866635	2.419988	5.048434	1
>>END_MODULE
