##FastQC	0.10.1
>>Basic Statistics	pass
#Measure	Value	
Filename	SRR13389809.fastq	
File type	Conventional base calls	
Encoding	Sanger / Illumina 1.9	
Total Sequences	27862297	
Filtered Sequences	0	
Sequence length	36-70	
%GC	49	
>>END_MODULE
>>Per base sequence quality	pass
#Base	Mean	Median	Lower Quartile	Upper Quartile	10th Percentile	90th Percentile
1	35.83236385715076	36.0	36.0	36.0	36.0	36.0
2	35.46502537102379	36.0	36.0	36.0	36.0	36.0
3	35.50755808108714	36.0	36.0	36.0	36.0	36.0
4	35.55682282763693	36.0	36.0	36.0	36.0	36.0
5	35.51749444778368	36.0	36.0	36.0	36.0	36.0
6	35.64182931507765	36.0	36.0	36.0	36.0	36.0
7	35.644744365477116	36.0	36.0	36.0	36.0	36.0
8	35.61634225634735	36.0	36.0	36.0	36.0	36.0
9	35.60712833547069	36.0	36.0	36.0	36.0	36.0
10	35.61265024200984	36.0	36.0	36.0	36.0	36.0
11	35.61208819215444	36.0	36.0	36.0	36.0	36.0
12	35.616967976473724	36.0	36.0	36.0	36.0	36.0
13	35.60732246878281	36.0	36.0	36.0	36.0	36.0
14	35.60566126331939	36.0	36.0	36.0	36.0	36.0
15	35.60227554102951	36.0	36.0	36.0	36.0	36.0
16	35.60992713558397	36.0	36.0	36.0	36.0	36.0
17	35.58744499780474	36.0	36.0	36.0	36.0	36.0
18	35.578609688928374	36.0	36.0	36.0	36.0	36.0
19	35.571794888267824	36.0	36.0	36.0	36.0	36.0
20	35.561239548914436	36.0	36.0	36.0	36.0	36.0
21	35.55136365820808	36.0	36.0	36.0	36.0	36.0
22	35.542829760231186	36.0	36.0	36.0	36.0	36.0
23	35.52750159112868	36.0	36.0	36.0	36.0	36.0
24	35.53472224490321	36.0	36.0	36.0	36.0	36.0
25	35.51724705253124	36.0	36.0	36.0	36.0	36.0
26	35.50421636091238	36.0	36.0	36.0	36.0	36.0
27	35.49116693429835	36.0	36.0	36.0	36.0	36.0
28	35.49101956669258	36.0	36.0	36.0	36.0	36.0
29	35.481529932725934	36.0	36.0	36.0	36.0	36.0
30	35.476129875437046	36.0	36.0	36.0	36.0	36.0
31	35.477134458799284	36.0	36.0	36.0	36.0	36.0
32	35.4565874091429	36.0	36.0	36.0	36.0	36.0
33	35.4242225255154	36.0	36.0	36.0	36.0	36.0
34	35.39691889006854	36.0	36.0	36.0	36.0	36.0
35	35.364637344867866	36.0	36.0	36.0	36.0	36.0
36	35.3570578190305	36.0	36.0	36.0	36.0	36.0
37	35.35585265381353	36.0	36.0	36.0	36.0	36.0
38	35.34030832350283	36.0	36.0	36.0	36.0	36.0
39	35.32698886009896	36.0	36.0	36.0	36.0	36.0
40	35.32187515482653	36.0	36.0	36.0	36.0	36.0
41	35.32228889010504	36.0	36.0	36.0	36.0	36.0
42	35.31964221843175	36.0	36.0	36.0	36.0	36.0
43	35.30534234889801	36.0	36.0	36.0	36.0	36.0
44	35.27349270978255	36.0	36.0	36.0	36.0	36.0
45	35.28045099057164	36.0	36.0	36.0	36.0	36.0
46	35.276749566791594	36.0	36.0	36.0	36.0	36.0
47	35.23890584997942	36.0	36.0	36.0	36.0	36.0
48	35.223380279850396	36.0	36.0	36.0	36.0	36.0
49	35.20395170372814	36.0	36.0	36.0	36.0	36.0
50	35.16333685028735	36.0	36.0	36.0	32.0	36.0
51	35.1349937514731	36.0	36.0	36.0	32.0	36.0
52	35.130738091440364	36.0	36.0	36.0	32.0	36.0
53	35.14169438871039	36.0	36.0	36.0	32.0	36.0
54	35.0983243044981	36.0	36.0	36.0	32.0	36.0
55	35.10692399158133	36.0	36.0	36.0	32.0	36.0
56	35.11689464262597	36.0	36.0	36.0	32.0	36.0
57	35.0739903220505	36.0	36.0	36.0	32.0	36.0
58	35.064810219578256	36.0	36.0	36.0	32.0	36.0
59	35.08664637660847	36.0	36.0	36.0	32.0	36.0
60	35.08823044489952	36.0	36.0	36.0	32.0	36.0
61	35.048444652474494	36.0	36.0	36.0	32.0	36.0
62	35.06878883022327	36.0	36.0	36.0	32.0	36.0
63	35.06573475109139	36.0	36.0	36.0	32.0	36.0
64	35.060505271626745	36.0	36.0	36.0	32.0	36.0
65	35.04679990086733	36.0	36.0	36.0	32.0	36.0
66	35.04279655153938	36.0	36.0	36.0	32.0	36.0
67	35.05608220137168	36.0	36.0	36.0	32.0	36.0
68	35.09757602090315	36.0	36.0	36.0	32.0	36.0
69	35.28720941949168	36.0	36.0	36.0	32.0	36.0
70	35.240490834811716	36.0	36.0	36.0	32.0	36.0
>>END_MODULE
>>Per sequence quality scores	pass
#Quality	Count
31	263.0
32	46562.0
33	966443.0
34	5771129.0
35	1.8985246E7
36	2092654.0
>>END_MODULE
>>Per base sequence content	fail
#Base	G	A	T	C
1	25.19074073469248	27.936433238077967	25.663343549887507	21.20948247734205
2	19.62468133908701	21.36255671956982	41.3572506243832	17.655511316959977
3	21.83817436157543	20.591141498491673	32.54087055349385	25.029813586439047
4	21.569833240956406	19.75478547228177	34.746047678696414	23.92933360806541
5	23.876541837164396	30.720062312163275	26.23064422865064	19.17275162202169
6	28.4879706795172	23.008006123831066	22.95673612265349	25.54728707399824
7	26.30763092890837	20.839086628036686	27.797583515730363	25.05569892732458
8	25.39310386262897	22.482018978122152	28.35937803109026	23.765499128158616
9	24.78845516577474	22.984813491866802	28.43051669429839	23.796214648060065
10	25.54081061879504	22.52293646305877	27.710071980789806	24.226180937356382
11	25.984799458565817	22.719917887602733	27.216819201948784	24.078463451882666
12	25.715031012528478	23.161504180848322	27.41336964143074	23.710095165192463
13	25.605554948203473	23.092136634549902	27.212429098623392	24.089879318623225
14	26.040042869413927	23.23305525974553	26.780104104153107	23.94679776668744
15	25.55913821462746	23.470491323812965	27.25077907252227	23.719591389037305
16	25.63795835667582	23.096877818438482	27.16382409609608	24.101339728789615
17	25.809809029048914	23.406409992474405	26.768701506066563	24.01507947241012
18	25.601198637714617	23.338847475497086	27.262605089594732	23.797348797193568
19	25.56973676649847	23.105611141823662	27.009610873073385	24.315041218604485
20	25.88124653339743	23.25014228907354	26.490902005412764	24.377709172116266
21	25.510115966051895	23.570307855505927	27.047947096383883	23.871629082058288
22	25.582338024750793	23.15665862006998	26.965644648752395	24.295358706426825
23	25.825095733364556	23.152199091230216	26.684393618584433	24.338311556820795
24	25.676651129537447	23.35530927285589	27.01807712144264	23.949962476164018
25	25.708295129068894	23.100487321735315	26.87808048519772	24.313137063998074
26	25.928295915375227	23.245738236160776	26.476398745401042	24.34956710306296
27	25.530954241805265	23.334232278411594	27.091066605872427	24.043746873910717
28	25.555484770900875	22.879017280887048	27.015300432107413	24.550197516104653
29	26.02034929137393	23.10859007783888	26.43502077377181	24.43603985701538
30	25.69606568766795	23.206323015164912	26.99738072376497	24.10023057340217
31	25.659607507480807	23.016055859588562	26.795533561510325	24.5288030714203
32	26.010633735155103	23.05882830078095	26.491983603633155	24.43855436043079
33	25.74426432615175	23.247315498087108	26.915957418363096	24.092462757398046
34	25.803233931929668	22.922285842508675	26.74863009652295	24.52585012903871
35	26.00208497100271	23.095486374435268	26.402501189960986	24.499927464601036
36	25.693771714658702	23.1749960259817	26.79818092071391	24.333051338645685
37	25.631324146962754	22.947857250401903	26.83615073932196	24.584667863313385
38	25.96760014895998	22.983075366928244	26.41833475890698	24.630989725204802
39	25.654122686292375	23.1975536877531	26.956535860213744	24.191787765740777
40	25.567155402440957	22.87855732890273	26.918461553683283	24.63582571497303
41	25.824754912622318	23.043474284368205	26.4593539343325	24.672416868676976
42	25.617767749035636	23.249147693178156	26.853290141175222	24.27979441661098
43	25.62189702078543	22.919241207375393	26.833519910925514	24.625341860913665
44	25.957894267398185	22.95888638353743	26.40359248076481	24.67962686829957
45	25.63765461509593	23.218873464762787	26.938546588733516	24.20492533140777
46	25.625045977893386	22.954649930051946	26.706160866229872	24.7141432258248
47	25.90429826131934	23.048629144349363	26.497204995805046	24.549867598526244
48	25.65991766604062	23.225155033193577	26.997277435345346	24.117649865420457
49	25.56769810015782	22.93752870896138	26.92078491960348	24.573988271277315
50	25.91287786334439	23.050592648296682	26.42096081715117	24.615568671207765
51	25.595028819360603	23.22120410897279	26.974583788152266	24.20918328351434
52	25.527033258542865	22.880161209935967	26.82730176700654	24.765503764514634
53	25.81120041026882	23.03821116161424	26.539247890364308	24.611340537752632
54	25.492945825407414	23.20146569908219	27.017532115528063	24.288056359982328
55	25.52804634133726	22.943792638838268	26.864591497931805	24.663569521892672
56	25.866710828738977	23.10786673520607	26.376122163207725	24.649300272847228
57	25.419430925940212	23.30007278191252	26.9974694030877	24.28302688905957
58	25.425080430956555	22.944036025294263	26.997413998715132	24.633469545034046
59	25.754000611037714	23.03149807441377	26.555783247144316	24.6587180674042
60	25.51855803630994	23.23987494835635	26.91769664379545	24.323870371538266
61	25.453197514656416	22.874599278499137	26.988091728677517	24.68411147816693
62	25.847678716870192	23.05372837601879	26.498690602040647	24.599902305070373
63	25.57676983589389	23.29492271752471	26.88273077338703	24.245576673194364
64	25.595335360628752	23.011135954115282	26.77660028137691	24.61692840387905
65	25.83568761097262	23.204314229126762	26.436707838890367	24.52329032101025
66	25.583057760312606	23.341234423714475	26.785160923323975	24.290546892648944
67	25.63155252744628	23.276639611837464	26.897665607585385	24.194142253130867
68	26.574941543708906	24.0251725714659	26.730272647464915	22.669613237360277
69	28.412167813590745	25.93136513086356	27.330570321995534	18.32589673355016
70	36.41915047637813	32.55001968195291	31.03082984166896	0.0
>>END_MODULE
>>Per base GC content	fail
#Base	%GC
1	46.40022321203453
2	37.28019265604699
3	46.86798794801448
4	45.49916684902182
5	43.04929345918608
6	54.035257753515445
7	51.36332985623295
8	49.158602990787585
9	48.5846698138348
10	49.766991556151424
11	50.06326291044848
12	49.42512617772094
13	49.6954342668267
14	49.98684063610136
15	49.278729603664765
16	49.739298085465435
17	49.824888501459036
18	49.39854743490819
19	49.88477798510295
20	50.2589557055137
21	49.38174504811018
22	49.877696731177615
23	50.16340729018535
24	49.62661360570147
25	50.021432193066964
26	50.27786301843818
27	49.57470111571598
28	50.105682287005536
29	50.45638914838931
30	49.796296261070125
31	50.18841057890111
32	50.449188095585896
33	49.836727083549796
34	50.32908406096838
35	50.502012435603746
36	50.02682305330439
37	50.21599201027613
38	50.59858987416478
39	49.84591045203315
40	50.20298111741399
41	50.497171781299286
42	49.89756216564662
43	50.2472388816991
44	50.63752113569776
45	49.8425799465037
46	50.339189203718185
47	50.45416585984559
48	49.777567531461074
49	50.141686371435135
50	50.52844653455215
51	49.80421210287494
52	50.29253702305749
53	50.42254094802146
54	49.781002185389745
55	50.191615863229934
56	50.5160111015862
57	49.70245781499978
58	50.058549975990594
59	50.41271867844191
60	49.8424284078482
61	50.13730899282335
62	50.44758102194057
63	49.822346509088256
64	50.2122637645078
65	50.35897793198287
66	49.87360465296155
67	49.82569478057715
68	49.24455478106918
69	46.7380645471409
70	36.41915047637813
>>END_MODULE
>>Per sequence GC content	warn
#GC Content	Count
0	217.0
1	204.5
2	194.0
3	210.0
4	337.0
5	466.0
6	555.5
7	707.0
8	946.0
9	1317.0
10	1602.5
11	1786.0
12	2218.5
13	2880.5
14	4051.5
15	5721.5
16	7308.5
17	9064.0
18	12157.0
19	16326.0
20	20310.5
21	26889.0
22	38005.5
23	47217.0
24	60251.5
25	82276.5
26	107870.0
27	132195.5
28	170342.5
29	227152.5
30	277930.5
31	350399.5
32	449446.5
33	530999.5
34	638631.0
35	775098.0
36	925707.0
37	1049505.0
38	1152567.0
39	1265972.5
40	1342964.5
41	1398972.5
42	1437445.5
43	1463644.0
44	1477899.5
45	1465695.0
46	1439907.0
47	1426876.5
48	1408512.0
49	1379745.5
50	1363308.0
51	1341139.0
52	1307013.5
53	1286713.5
54	1262458.5
55	1221475.5
56	1170799.0
57	1127950.0
58	1090993.5
59	1033787.0
60	978956.5
61	925607.5
62	850609.5
63	779023.0
64	705918.0
65	624947.5
66	545677.5
67	478750.0
68	425903.0
69	361068.0
70	307043.0
71	268932.5
72	224686.5
73	185074.5
74	155063.5
75	126709.0
76	101008.5
77	83312.0
78	69180.5
79	53166.5
80	41959.5
81	34695.5
82	27352.5
83	20514.0
84	16296.0
85	12786.5
86	9417.0
87	7357.5
88	5637.0
89	3783.5
90	2703.5
91	1835.5
92	1220.5
93	859.5
94	531.0
95	349.0
96	240.0
97	163.5
98	184.0
99	85420.5
100	170624.0
>>END_MODULE
>>Per base N content	pass
#Base	N-Count
1	0.0
2	0.0
3	0.0
4	0.0
5	0.0
6	0.0
7	3.58907953640721E-6
8	1.435631814562884E-5
9	0.0
10	7.17815907281442E-6
11	0.0
12	3.230171582766489E-5
13	1.076723860922163E-5
14	2.871263629125768E-5
15	0.0
16	5.742527258251536E-5
17	1.758648972839533E-4
18	0.0
19	0.0
20	1.076723860922163E-5
21	1.794539768203605E-5
22	0.0
23	5.383619304610815E-5
24	2.5123556754850468E-5
25	2.153447721844326E-5
26	2.5123556754850468E-5
27	3.230171582766489E-5
28	4.306895443688652E-5
29	0.0
30	7.17815907281442E-5
31	2.871263629125768E-5
32	9.690514748299467E-5
33	1.866321358931749E-4
34	4.127441466868292E-4
35	1.3997410191988118E-4
36	2.512355675485047E-4
37	6.14393601285803E-5
38	2.1839499552235663E-5
39	1.466297374785169E-5
40	3.6918397714957926E-5
41	1.2640732246388988E-4
42	3.856873592802819E-4
43	1.5086117972989965E-5
44	2.0133265503222234E-4
45	6.886847601752887E-5
46	3.853567368700578E-5
47	3.105636839561093E-4
48	4.301913111601521E-5
49	3.231194614812245E-4
50	1.985334571758568E-5
51	3.6814887940683213E-4
52	4.436287948158346E-5
53	1.2194894412335963E-5
54	4.5064630258842634E-5
55	7.017757072000206E-5
56	2.7039628280822096E-4
57	3.353993935978964E-4
58	4.647659654080607E-5
59	4.6832381202640226E-4
60	9.009476295874805E-5
61	5.6216546830286224E-5
62	9.152353874280739E-5
63	1.7571156595026132E-4
64	1.0628011878928877E-4
65	4.555565098422314E-4
66	8.569015845824102E-5
67	4.578422936580327E-5
68	1.7141530714885158E-4
69	5.3173006085384686E-6
70	0.0
>>END_MODULE
>>Sequence Length Distribution	warn
#Length	Count
36	192738.0
37	196402.0
38	193561.0
39	192830.0
40	189590.0
41	191608.0
42	191126.0
43	189850.0
44	187815.0
45	186796.0
46	190369.0
47	189593.0
48	192408.0
49	192939.0
50	194782.0
51	194385.0
52	195046.0
53	191072.0
54	185123.0
55	185472.0
56	186632.0
57	184334.0
58	179804.0
59	179231.0
60	183927.0
61	179947.0
62	180337.0
63	182746.0
64	191637.0
65	217289.0
66	331326.0
67	839957.0
68	2195090.0
69	7052112.0
70	1.1754423E7
>>END_MODULE
>>Sequence Duplication Levels	fail
#Total Duplicate Percentage	56.36010509602298
#Duplication Level	Relative count
1	100.0
2	24.136698827274795
3	13.367767923854075
4	9.468429544445527
5	7.125144831021451
6	5.613487964136049
7	4.486242406523081
8	3.953480817334243
9	3.2734517969875148
10++	45.14504759120294
>>END_MODULE
>>Overrepresented sequences	warn
#Sequence	Count	Percentage	Possible Source
GGGGGGGGGGGGGGGGGGGGGGGGGGGGGGGGGGGGGGGGGGGGGGGGGGGGGGGGGGGGGGGGGGGGGG	75881	0.27234294430211553	No Hit
>>END_MODULE
>>Kmer Content	warn
#Sequence	Count	Obs/Exp Overall	Obs/Exp Max	Max Obs/Exp Position
GGGGG	12252945	6.5221453	8.240728	66
TCTTC	5760725	2.9033518	6.105496	2
TCCAG	4271185	2.69336	5.037406	2
TTCTT	6018615	2.6571357	5.5108194	1
CTTCA	4354955	2.5762148	5.683403	1
>>END_MODULE
