##FastQC	0.10.1
>>Basic Statistics	pass
#Measure	Value	
Filename	SRR13389817.fastq	
File type	Conventional base calls	
Encoding	Sanger / Illumina 1.9	
Total Sequences	52648278	
Filtered Sequences	0	
Sequence length	35-75	
%GC	49	
>>END_MODULE
>>Per base sequence quality	pass
#Base	Mean	Median	Lower Quartile	Upper Quartile	10th Percentile	90th Percentile
1	30.622836990034127	32.0	32.0	32.0	32.0	32.0
2	31.28785106703775	32.0	32.0	32.0	32.0	32.0
3	31.296829841234313	32.0	32.0	32.0	32.0	32.0
4	31.379274892903428	32.0	32.0	32.0	32.0	32.0
5	31.423022211666638	32.0	32.0	32.0	32.0	32.0
6	34.728719294484804	36.0	36.0	36.0	32.0	36.0
7	34.649704953313005	36.0	36.0	36.0	32.0	36.0
8	34.65855187134515	36.0	36.0	36.0	32.0	36.0
9	34.70233801379031	36.0	36.0	36.0	32.0	36.0
10	34.66399712066556	36.0	36.0	36.0	32.0	36.0
11	34.833420078810555	36.0	36.0	36.0	32.0	36.0
12	34.80827579963774	36.0	36.0	36.0	32.0	36.0
13	34.765412175494134	36.0	36.0	36.0	32.0	36.0
14	34.772173042392765	36.0	36.0	36.0	32.0	36.0
15	34.76707276162005	36.0	36.0	36.0	32.0	36.0
16	34.77882070520901	36.0	36.0	36.0	32.0	36.0
17	34.78676261738323	36.0	36.0	36.0	32.0	36.0
18	34.768702235617276	36.0	36.0	36.0	32.0	36.0
19	34.76646856332129	36.0	36.0	36.0	32.0	36.0
20	34.75461947682315	36.0	36.0	36.0	32.0	36.0
21	34.75496708553317	36.0	36.0	36.0	32.0	36.0
22	34.69723165494606	36.0	36.0	36.0	32.0	36.0
23	34.66074757468801	36.0	36.0	36.0	32.0	36.0
24	34.658281985974924	36.0	36.0	36.0	32.0	36.0
25	34.63564768443139	36.0	36.0	36.0	32.0	36.0
26	34.56640701524939	36.0	36.0	36.0	32.0	36.0
27	34.53676483018115	36.0	36.0	36.0	32.0	36.0
28	34.50394523824692	36.0	36.0	36.0	32.0	36.0
29	34.50875871001897	36.0	36.0	36.0	32.0	36.0
30	34.46401473947543	36.0	36.0	36.0	32.0	36.0
31	34.43711215018276	36.0	36.0	36.0	32.0	36.0
32	34.3918729877547	36.0	36.0	36.0	32.0	36.0
33	34.38580167807198	36.0	36.0	36.0	32.0	36.0
34	34.37079921208439	36.0	36.0	36.0	32.0	36.0
35	34.346751682932535	36.0	36.0	36.0	32.0	36.0
36	34.31791753026127	36.0	36.0	36.0	32.0	36.0
37	34.31157717916524	36.0	36.0	36.0	32.0	36.0
38	34.27046704628372	36.0	36.0	36.0	32.0	36.0
39	34.255157329522575	36.0	36.0	36.0	32.0	36.0
40	34.238205684769206	36.0	36.0	36.0	32.0	36.0
41	34.206367635384474	36.0	36.0	36.0	32.0	36.0
42	34.0515368416686	36.0	36.0	36.0	32.0	36.0
43	33.98437740363617	36.0	36.0	36.0	32.0	36.0
44	33.88667576418022	36.0	36.0	36.0	32.0	36.0
45	33.826470547062904	36.0	36.0	36.0	32.0	36.0
46	33.82022153557047	36.0	36.0	36.0	32.0	36.0
47	33.953183447361894	36.0	36.0	36.0	32.0	36.0
48	33.756821477718546	36.0	36.0	36.0	27.0	36.0
49	33.67652075434613	36.0	36.0	36.0	27.0	36.0
50	33.78514803038983	36.0	36.0	36.0	32.0	36.0
51	33.69560235657986	36.0	36.0	36.0	27.0	36.0
52	33.599064750176005	36.0	36.0	36.0	27.0	36.0
53	33.63473241967918	36.0	36.0	36.0	27.0	36.0
54	33.60496535532253	36.0	36.0	36.0	27.0	36.0
55	33.43566897716102	36.0	36.0	36.0	27.0	36.0
56	33.38558022031055	36.0	36.0	36.0	27.0	36.0
57	33.34031134965556	36.0	36.0	36.0	27.0	36.0
58	33.41762105023631	36.0	36.0	36.0	27.0	36.0
59	33.28020517827966	36.0	36.0	36.0	27.0	36.0
60	33.252352196044605	36.0	36.0	36.0	27.0	36.0
61	33.350537996769766	36.0	36.0	36.0	27.0	36.0
62	33.220616919159745	36.0	36.0	36.0	27.0	36.0
63	33.152263736784725	36.0	36.0	36.0	27.0	36.0
64	33.21627278410967	36.0	36.0	36.0	27.0	36.0
65	33.18927525274341	36.0	36.0	36.0	27.0	36.0
66	33.06262626715454	36.0	36.0	36.0	21.0	36.0
67	33.12327843267024	36.0	36.0	36.0	27.0	36.0
68	33.16639613545989	36.0	36.0	36.0	27.0	36.0
69	33.177924793335606	36.0	36.0	36.0	27.0	36.0
70	33.14896896889667	36.0	36.0	36.0	27.0	36.0
71	33.12154335805517	36.0	36.0	36.0	27.0	36.0
72	33.00683211323246	36.0	36.0	36.0	21.0	36.0
73	32.92240547694052	36.0	32.0	36.0	21.0	36.0
74	32.82572367607951	36.0	32.0	36.0	14.0	36.0
75	30.589107825641396	36.0	32.0	36.0	14.0	36.0
>>END_MODULE
>>Per sequence quality scores	pass
#Quality	Count
2	100.0
3	0.0
4	0.0
5	0.0
6	0.0
7	0.0
8	0.0
9	0.0
10	0.0
11	0.0
12	4.0
13	13.0
14	12.0
15	40.0
16	257.0
17	1065.0
18	2910.0
19	5201.0
20	9947.0
21	21147.0
22	46213.0
23	95557.0
24	182504.0
25	323894.0
26	553651.0
27	883893.0
28	1150098.0
29	1441100.0
30	1906220.0
31	2573036.0
32	3601716.0
33	5543992.0
34	1.0957484E7
35	2.3348224E7
>>END_MODULE
>>Per base sequence content	fail
#Base	G	A	T	C
1	35.4879985458899	8.615862681620987	8.459426875140554	47.43671189734855
2	22.318180860704167	13.045365866102019	37.046319828109056	27.590133445084756
3	23.25356143430248	13.531822558222975	24.364301950139446	38.8503140573351
4	25.94313500481765	21.815775206172543	22.077797778063786	30.16329201094603
5	28.721271773569672	25.69071289970781	24.426914155071312	21.161101171651204
6	26.656299711005442	27.95570016363379	24.557338780828537	20.830661344532228
7	19.601299402991685	22.460701299102887	40.218673854202514	17.719325443702914
8	21.484259151380318	22.238427700195057	32.042520065936564	24.23479308248806
9	21.954761663357086	19.7104066925165	35.13712478331159	23.197706860814822
10	22.471748215104423	32.157494605036476	26.429723740867157	18.941033438991944
11	28.06016762821308	23.60163346963308	23.19796707874677	25.14023182340707
12	25.055577430326636	21.027507698748124	27.939508628694977	25.97740624223026
13	24.425090047784767	23.59793100453771	28.026368937731878	23.950610009945645
14	23.8371259053685	23.055349533856596	28.171667333736313	24.935857227038596
15	24.558862609594744	23.74908512959245	27.438307586283106	24.253744674529695
16	25.059910436018356	22.639302222320232	26.87946455425908	25.421322787402328
17	26.096860086962987	23.0051937631384	27.168783873225088	23.72916227667352
18	24.823545105292098	22.856266364651663	28.168486505615004	24.151702024441235
19	25.098629810757377	22.88805742745388	26.63600448175471	25.377308280034033
20	24.741851837282738	23.212846747892808	28.299431260243356	23.7458701545811
21	25.97795013969536	22.814246370061284	27.128336590238888	24.07946690000447
22	24.759688219782397	24.362099379697437	26.700025543300377	24.17818685721979
23	24.497909889325875	24.507325221509603	27.355673090929333	23.63909179823519
24	24.415285927884593	22.99135943848136	27.18847711891048	25.404877514723566
25	24.634212162700823	23.031959988255615	27.772151959322706	24.561675889720856
26	24.44318311366158	23.421075914271395	27.16796720747633	24.9677737645907
27	24.50541913049345	22.984160458245476	26.976345249518342	25.534075161742738
28	24.702968922306393	24.14642776160048	26.615561453611274	24.53504186248185
29	25.857000927257523	23.239125275800134	26.985439029218472	23.91843476772387
30	24.752502384767997	22.898640982824713	28.00689086407779	24.3419657683295
31	24.78820684955489	22.981446506517766	26.47144615759473	25.758900486332614
32	24.523520228975528	24.40828827487943	27.035569990367865	24.032621505777183
33	24.558181512687913	22.795849823520285	26.920505854944704	25.725462808847094
34	24.88893428904374	24.173532358478127	26.302073623581514	24.63545972889662
35	25.839097829620496	23.25322442830129	26.921572364835278	23.98610537724294
36	24.689439755039132	22.907948821218515	27.910380453822192	24.49223096992016
37	24.884585107746528	22.917621920240318	27.672587079807776	24.52520589220538
38	24.699326263659742	23.20533597753121	26.90604612199022	25.189291636818833
39	24.80160216161213	23.980501363287395	26.70606755630523	24.511828918795246
40	26.179784675594707	22.981073003997192	26.288902979263227	24.550239341144867
41	26.03352379972638	23.109478101239997	26.727664005954477	24.129334093079144
42	24.760853459783075	23.989287952074427	26.821099811585082	24.428758776557412
43	24.96083391917838	22.90334586217384	27.5016033020767	24.63421691657108
44	24.854692466759452	23.185193172572138	26.946378274610833	25.01373608605758
45	25.230178347548023	22.76994716611684	27.453910861821118	24.54596362451402
46	25.361930532206884	22.89168757647794	26.373106098378702	25.37327579293647
47	25.974395651804677	23.18176611092941	26.734273358241357	24.10956487902456
48	25.265988656180376	22.83482663930464	27.434728210462218	24.464456494052765
49	25.152378065779292	23.556712262083874	26.613263613355752	24.67764605878108
50	24.859083946979847	23.22124693113429	27.91867093208309	24.000998189802775
51	25.91021147122467	22.798165685658	26.711916267996067	24.579706575121264
52	25.779720227120013	22.861391284818133	26.22287997364469	25.136008514417163
53	25.017476345273053	23.10976964502567	26.709996492289562	25.162757517411716
54	25.925360728241387	22.826410527011596	26.590243413209823	24.657985331537194
55	25.7354029017901	22.92303596264608	26.668688670917724	24.672872464646094
56	25.669914130809264	23.184031887052935	26.674481889904012	24.471572092233792
57	25.615858968548356	22.75521721159138	27.00165953254515	24.627264287315118
58	25.09826343832723	22.88401111609776	27.362206863142642	24.655518582432375
59	25.749738186182746	23.14533865036746	26.77522969194246	24.329693471507337
60	25.466340259699212	22.82441279568396	27.142333490962557	24.566913453654273
61	26.29684613320608	22.859409374106413	26.116628918248054	24.727115574439452
62	25.652694880571797	23.161266820589795	26.5964231563035	24.589615142534903
63	25.772977261453946	22.765347524218857	26.85608889227585	24.605586322051355
64	25.194309904985136	22.809556595147278	27.217067002683216	24.779066497184367
65	25.927092806299633	23.11781374345668	26.73793614031522	24.21715730992847
66	25.39702748033826	23.19492389300619	26.788304351382507	24.619744275273046
67	25.184052578396404	23.949807807368774	26.14216434145472	24.723975272780105
68	24.93379183228405	24.359508655159054	26.49136007704527	24.21533943551162
69	24.90433821485891	24.02605615951808	26.436262505184022	24.633343120438987
70	25.13504278287359	24.154474253556067	26.012347550798914	24.698135412771432
71	24.975201073674505	24.417695591092833	26.37476707319262	24.232336262040043
72	25.061392522771758	24.23506461032192	26.444801195167233	24.25874167173909
73	25.92870543352726	24.89451420413934	26.226899759731463	22.949880602601937
74	27.763422159762357	26.89846781091158	26.593550438261893	18.74455959106417
75	35.7527463481076	36.05465901143501	28.19259464045739	0.0
>>END_MODULE
>>Per base GC content	fail
#Base	%GC
1	82.92471044323845
2	49.90831430578893
3	62.10387549163758
4	56.10642701576367
5	49.88237294522088
6	47.48696105553767
7	37.3206248466946
8	45.71905223386838
9	45.15246852417191
10	41.41278165409637
11	53.20039945162015
12	51.032983672556895
13	48.37570005773041
14	48.77298313240709
15	48.81260728412444
16	50.48123322342069
17	49.826022363636504
18	48.97524712973333
19	50.475938090791416
20	48.487721991863836
21	50.05741703969983
22	48.93787507700218
23	48.13700168756106
24	49.820163442608155
25	49.19588805242168
26	49.41095687825228
27	50.039494292236185
28	49.238010784788244
29	49.7754356949814
30	49.094468153097495
31	50.54710733588751
32	48.55614173475271
33	50.28364432153501
34	49.52439401794036
35	49.825203206863435
36	49.18167072495929
37	49.40979099995191
38	49.88861790047858
39	49.31343108040737
40	50.73002401673957
41	50.162857892805526
42	49.189612236340494
43	49.59505083574946
44	49.86842855281703
45	49.77614197206204
46	50.73520632514336
47	50.083960530829245
48	49.73044515023315
49	49.830024124560374
50	48.86008213678262
51	50.48991804634594
52	50.91572874153717
53	50.18023386268477
54	50.58334605977858
55	50.40827536643619
56	50.14148622304305
57	50.24312325586347
58	49.7537820207596
59	50.07943165769008
60	50.03325371335349
61	51.02396170764554
62	50.242310023106704
63	50.3785635835053
64	49.97337640216951
65	50.14425011622811
66	50.0167717556113
67	49.908027851176506
68	49.149131267795674
69	49.537681335297904
70	49.833178195645026
71	49.20753733571455
72	49.32013419451085
73	48.87858603612919
74	46.507981750826524
75	35.7527463481076
>>END_MODULE
>>Per sequence GC content	warn
#GC Content	Count
0	358.0
1	198.0
2	35.5
3	51.5
4	70.0
5	96.0
6	162.0
7	233.0
8	265.0
9	319.5
10	481.0
11	759.0
12	938.5
13	1293.5
14	2159.5
15	3379.0
16	4235.5
17	5700.0
18	9269.5
19	14348.5
20	18044.0
21	23524.0
22	36247.0
23	54967.0
24	68834.5
25	89258.0
26	126585.5
27	171794.0
28	207861.5
29	262382.0
30	365719.5
31	491408.5
32	585115.0
33	718581.0
34	965413.0
35	1216908.0
36	1370016.0
37	1537474.0
38	1769612.5
39	2010066.5
40	2183603.0
41	2286246.5
42	2382656.0
43	2434950.5
44	2465890.5
45	2488619.5
46	2478272.0
47	2444082.0
48	2429459.0
49	2409817.0
50	2368872.5
51	2313316.0
52	2276250.5
53	2241859.0
54	2164075.0
55	2075613.0
56	2022833.5
57	1940573.5
58	1825575.5
59	1728137.0
60	1647737.5
61	1535459.5
62	1388477.0
63	1253243.5
64	1149091.0
65	1054494.0
66	900551.0
67	745259.5
68	650952.0
69	573544.0
70	475808.0
71	376752.0
72	309402.0
73	266133.5
74	213467.5
75	163155.5
76	130375.5
77	110655.5
78	86869.5
79	63493.0
80	50065.0
81	43253.0
82	34392.0
83	24952.5
84	19297.0
85	16035.5
86	12006.0
87	8117.5
88	6504.0
89	5693.0
90	4563.5
91	3881.0
92	3571.0
93	3667.5
94	4000.0
95	5299.0
96	6366.0
97	10183.5
98	79891.5
99	81901.0
100	18020.0
>>END_MODULE
>>Per base N content	pass
#Base	N-Count
1	0.057986701863259424
2	9.098113332405668E-4
3	4.710505441412538E-4
4	2.6971442446797596E-4
5	1.918391328962364E-4
6	4.330625970330881E-4
7	1.8993973554082814E-4
8	1.8993973554082814E-4
9	1.8993973554082814E-4
10	1.8993973554082814E-4
11	1.8993973554082814E-4
12	2.051349143840944E-4
13	2.2792768264899379E-4
14	1.9373853025164472E-4
15	2.1083310645031924E-4
16	1.9943672231786952E-4
17	2.5072045091389315E-4
18	2.2982708000440202E-4
19	2.830102059558339E-4
20	2.2982708000440202E-4
21	2.735132191787925E-4
22	8.015456839822948E-4
23	2.0703431173950268E-4
24	3.7038248430461485E-4
25	2.5831804033552626E-4
26	3.4189152397349066E-4
27	3.1150116628695816E-4
28	7.977468892714781E-4
29	0.0010484673401853714
30	0.0011377390158895605
31	0.001073159505805679
32	0.0010541655322515962
33	5.698192066224844E-4
34	7.42664365964638E-4
35	0.0010883546846489453
36	7.673582514564612E-4
37	0.0013314807074048733
38	0.0010370735956048136
39	0.0014359484645693676
40	0.0012763989018562828
41	0.001295393006948112
42	8.889209001714479E-4
43	9.554001180555446E-4
44	5.014427400350838E-4
45	8.034481487329537E-4
46	0.0010161816191207318
47	0.002480622887826062
48	0.0016714769113006084
49	0.001625891702354768
50	0.0013390820283092576
51	5.888163676058839E-4
52	0.0023951543046345667
53	0.0020000786355702876
54	0.003103636736680583
55	8.794273564132554E-4
56	0.00197918760768718
57	0.0020228758578370713
58	9.838973236663206E-4
59	0.001012390328021684
60	0.0016297036085778632
61	0.0030656710035844416
62	0.002387580070593734
63	0.0017759692143049517
64	0.0030182377347527474
65	0.0029612951318283495
66	0.0024086616689343167
67	0.003265412810201157
68	0.004023536281478543
69	0.004185612755087733
70	0.006477801744292577
71	0.003239358009488731
72	0.003042788728500114
73	0.003572215028560134
74	0.002702230547581361
75	0.005458500866757114
>>END_MODULE
>>Sequence Length Distribution	warn
#Length	Count
35	118.0
36	7.0
37	9.0
38	15.0
39	11.0
40	3.0
41	11.0
42	5.0
43	14.0
44	8.0
45	8.0
46	2.0
47	17.0
48	17.0
49	26.0
50	14.0
51	28.0
52	35.0
53	16.0
54	18.0
55	32.0
56	46.0
57	48.0
58	92.0
59	68.0
60	82.0
61	79.0
62	140.0
63	694.0
64	731.0
65	2542.0
66	687.0
67	2394.0
68	7585.0
69	22236.0
70	69165.0
71	286579.0
72	1361903.0
73	3931589.0
74	1.2885914E7
75	3.407529E7
>>END_MODULE
>>Sequence Duplication Levels	fail
#Total Duplicate Percentage	66.45106112510575
#Duplication Level	Relative count
1	100.0
2	26.250609458800586
3	16.00612941422303
4	11.526084836665042
5	9.323674862436443
6	7.66316082747092
7	6.398272619628056
8	5.620951452253256
9	4.843630284878457
10++	90.9772236539667
>>END_MODULE
>>Overrepresented sequences	warn
#Sequence	Count	Percentage	Possible Source
TGGGGGGGGGGGGGGGGGGGGGGGGGGGGGGGGGGGGGGGGGGGGGGGGGGGGGGGGGGGGGGGGGGGGGGGGGG	116040	0.22040606912157698	No Hit
>>END_MODULE
>>Kmer Content	warn
#Sequence	Count	Obs/Exp Overall	Obs/Exp Max	Max Obs/Exp Position
GGGGG	19903535	5.184661	8.0275135	59
AAAAA	9998535	4.1076775	21.060173	68
CTCCA	10166980	2.943454	15.136173	24
TCTTC	12732400	2.8746364	6.072872	7
CTTCT	12652965	2.856702	5.016988	5
TTCTT	13380465	2.7551632	5.748981	6
TCCAG	9761995	2.7518795	14.824425	25
CCAGG	8996495	2.707611	5.3408794	2
CAGGA	8361635	2.684131	16.233875	38
CTTCA	9615245	2.5388033	6.234706	1
CTCCT	10248015	2.5369327	10.443811	1
CACAG	7623510	2.5132859	16.814814	31
GAAGA	6905625	2.3643675	17.896172	6
GGAAG	7491865	2.3416824	15.923956	5
TCCTC	9446450	2.3385024	5.4334993	2
GGCAG	7781690	2.2804074	5.9854083	1
CCCAG	6888925	2.1293097	8.918678	1
CTGCA	7450600	2.1003036	5.0308337	1
TCCTT	9179760	2.072545	5.1476297	2
CTGGA	7455060	2.0462918	5.2693725	1
TTCAG	7885205	2.0272498	12.9778595	36
TCAGG	7358665	2.019833	13.743813	37
CTCTG	8304530	2.00175	6.9650326	1
CCTGG	7752305	1.9950219	5.8375936	1
AAGAG	5802005	1.9865069	17.344385	7
CTGAA	6494880	1.9528167	14.95728	19
GCCAG	6416210	1.9310411	5.6739016	1
CCAGA	5855400	1.930383	5.2726717	2
TCCTG	7951665	1.9166943	5.7022324	2
GAAAA	5101455	1.9132863	8.344945	66
AAAAG	5099280	1.9124708	9.475809	71
CTCTT	8443490	1.906315	5.4258094	1
CTCAG	6625050	1.8675834	6.798445	1
TCACA	5758545	1.7781874	15.260343	30
CACAC	5224060	1.7687624	16.571545	12
TCTGA	6779835	1.7430643	12.93376	18
GCACA	5220605	1.7211065	16.264706	11
GAGCA	5339570	1.7140315	16.095825	9
AGAGC	5325135	1.7093977	16.034498	8
TGGAA	5831710	1.7073078	5.426138	64
GGAAA	4903575	1.6789001	6.6750503	65
CCCCA	5161880	1.6385877	6.470179	1
TCCAA	5273555	1.628427	5.1912684	2
AAAGG	4715655	1.6145593	6.1662936	71
CCAGT	5688295	1.6035147	13.749187	26
AGCAC	4838905	1.5952692	16.464214	10
CTCCC	5686920	1.5436289	5.663247	1
TGAAA	4771260	1.5301112	5.7059383	64
AGGAT	5031995	1.473181	13.493401	39
CAGTT	5637290	1.4493213	12.503837	33
GTCCA	5132710	1.4468968	7.0954	1
GGGTG	5874625	1.4333366	5.804161	61
AGTCA	4601710	1.3835969	14.420495	28
GTCTG	5882235	1.3805835	11.503317	17
CCCAC	4286990	1.3608625	5.1138988	1
ACAGT	4521660	1.3595282	14.347544	32
CAGTC	4678565	1.3188746	13.538681	27
GTTCA	5098495	1.3107994	12.248175	35
GTCAG	4768450	1.3088614	5.671291	1
GTCCT	5374590	1.295508	5.7009664	1
GAACT	4282750	1.2876952	14.375605	21
ACTCC	4379425	1.2678922	13.906287	23
AGTTC	4807700	1.2360373	12.32872	34
GTCAC	4355670	1.2278514	13.461393	29
GATCT	4664335	1.1991788	6.230654	41
AACTC	3806770	1.1754968	14.632301	22
TGAAC	3813905	1.1467276	14.244298	20
GGATC	4001090	1.0982337	10.820149	40
CGGAA	2652545	0.85148156	14.942154	4
CACGT	2989900	0.8428446	13.126491	14
ACACG	2522205	0.83150965	15.255535	13
TCGGA	2878345	0.79005855	12.823901	3
CGTCT	2860855	0.6895894	11.190066	16
ATCGG	2259820	0.62028354	12.3494625	2
GATCG	2224320	0.6105393	11.878956	1
ACGTC	2087105	0.58834916	12.918346	15
>>END_MODULE
