##FastQC	0.10.1
>>Basic Statistics	pass
#Measure	Value	
Filename	SRR13389807.fastq	
File type	Conventional base calls	
Encoding	Sanger / Illumina 1.9	
Total Sequences	35268724	
Filtered Sequences	0	
Sequence length	36-70	
%GC	50	
>>END_MODULE
>>Per base sequence quality	pass
#Base	Mean	Median	Lower Quartile	Upper Quartile	10th Percentile	90th Percentile
1	35.83929841068251	36.0	36.0	36.0	36.0	36.0
2	35.49190829812839	36.0	36.0	36.0	36.0	36.0
3	35.5275413139415	36.0	36.0	36.0	36.0	36.0
4	35.57091200691014	36.0	36.0	36.0	36.0	36.0
5	35.535137534320775	36.0	36.0	36.0	36.0	36.0
6	35.65141798155215	36.0	36.0	36.0	36.0	36.0
7	35.65222969223383	36.0	36.0	36.0	36.0	36.0
8	35.62370541106052	36.0	36.0	36.0	36.0	36.0
9	35.61756694117995	36.0	36.0	36.0	36.0	36.0
10	35.620825720828456	36.0	36.0	36.0	36.0	36.0
11	35.61863358027923	36.0	36.0	36.0	36.0	36.0
12	35.62193610973848	36.0	36.0	36.0	36.0	36.0
13	35.61398203688911	36.0	36.0	36.0	36.0	36.0
14	35.61384103377259	36.0	36.0	36.0	36.0	36.0
15	35.61076896345896	36.0	36.0	36.0	36.0	36.0
16	35.617432657898256	36.0	36.0	36.0	36.0	36.0
17	35.595288363707176	36.0	36.0	36.0	36.0	36.0
18	35.58609044092437	36.0	36.0	36.0	36.0	36.0
19	35.57909415719151	36.0	36.0	36.0	36.0	36.0
20	35.56908724568544	36.0	36.0	36.0	36.0	36.0
21	35.559926976660684	36.0	36.0	36.0	36.0	36.0
22	35.54945254044348	36.0	36.0	36.0	36.0	36.0
23	35.53552493138113	36.0	36.0	36.0	36.0	36.0
24	35.542251684523656	36.0	36.0	36.0	36.0	36.0
25	35.52087475577512	36.0	36.0	36.0	36.0	36.0
26	35.51070478194788	36.0	36.0	36.0	36.0	36.0
27	35.49586075186616	36.0	36.0	36.0	36.0	36.0
28	35.493848090449774	36.0	36.0	36.0	36.0	36.0
29	35.48672807102406	36.0	36.0	36.0	36.0	36.0
30	35.47900491098005	36.0	36.0	36.0	36.0	36.0
31	35.479098251470624	36.0	36.0	36.0	36.0	36.0
32	35.460577224171764	36.0	36.0	36.0	36.0	36.0
33	35.42693418678827	36.0	36.0	36.0	36.0	36.0
34	35.395340103600006	36.0	36.0	36.0	36.0	36.0
35	35.360611600238215	36.0	36.0	36.0	36.0	36.0
36	35.35100753857724	36.0	36.0	36.0	36.0	36.0
37	35.355422008350935	36.0	36.0	36.0	36.0	36.0
38	35.333976334927755	36.0	36.0	36.0	36.0	36.0
39	35.32944078743225	36.0	36.0	36.0	36.0	36.0
40	35.3200835914116	36.0	36.0	36.0	36.0	36.0
41	35.32457613300023	36.0	36.0	36.0	36.0	36.0
42	35.32472185355723	36.0	36.0	36.0	36.0	36.0
43	35.30822229432612	36.0	36.0	36.0	36.0	36.0
44	35.28122357450014	36.0	36.0	36.0	36.0	36.0
45	35.289510128124235	36.0	36.0	36.0	36.0	36.0
46	35.28205246021198	36.0	36.0	36.0	36.0	36.0
47	35.247663276962065	36.0	36.0	36.0	36.0	36.0
48	35.23190391802181	36.0	36.0	36.0	36.0	36.0
49	35.21416608502702	36.0	36.0	36.0	36.0	36.0
50	35.17210924942459	36.0	36.0	36.0	32.0	36.0
51	35.148821415235325	36.0	36.0	36.0	32.0	36.0
52	35.140449929187355	36.0	36.0	36.0	32.0	36.0
53	35.15210958713473	36.0	36.0	36.0	32.0	36.0
54	35.110916776511104	36.0	36.0	36.0	32.0	36.0
55	35.11785842097743	36.0	36.0	36.0	32.0	36.0
56	35.12629406996974	36.0	36.0	36.0	32.0	36.0
57	35.08603827407904	36.0	36.0	36.0	32.0	36.0
58	35.07420135221435	36.0	36.0	36.0	32.0	36.0
59	35.096428968989954	36.0	36.0	36.0	32.0	36.0
60	35.099257608456035	36.0	36.0	36.0	32.0	36.0
61	35.059082340158206	36.0	36.0	36.0	32.0	36.0
62	35.078835260950584	36.0	36.0	36.0	32.0	36.0
63	35.077075992402	36.0	36.0	36.0	32.0	36.0
64	35.06618464834029	36.0	36.0	36.0	32.0	36.0
65	35.056687258589015	36.0	36.0	36.0	32.0	36.0
66	35.05400403317614	36.0	36.0	36.0	32.0	36.0
67	35.062663268256046	36.0	36.0	36.0	32.0	36.0
68	35.10624728471337	36.0	36.0	36.0	32.0	36.0
69	35.292701043926776	36.0	36.0	36.0	32.0	36.0
70	35.25610117926321	36.0	36.0	36.0	32.0	36.0
>>END_MODULE
>>Per sequence quality scores	pass
#Quality	Count
31	339.0
32	58968.0
33	1205200.0
34	7215937.0
35	2.3981499E7
36	2806781.0
>>END_MODULE
>>Per base sequence content	fail
#Base	G	A	T	C
1	25.172821676225087	28.712929903559882	25.41440966222651	20.699838757988523
2	20.97319710233917	20.884999979018236	40.323188329694034	17.818614588948552
3	22.422756207454515	19.889143139967295	31.73364593513505	25.954454717443138
4	23.07462838746307	19.2979734679372	32.67477156247558	24.95262658212415
5	26.507471605720696	29.281941132885898	24.933944307143065	19.276642954250345
6	31.347270497999034	21.85644770863975	20.765532111837448	26.03074968152377
7	28.015771934810342	20.29019593366054	26.438550100041898	25.25548203148722
8	26.743207776546218	22.532399535044032	27.946010282880728	22.778382405529022
9	26.302888823051518	22.872824173418472	27.68019698359932	23.14409001993069
10	26.948674238890764	22.542594540284163	26.965748858152562	23.54298236267251
11	27.541384825830388	22.709083549492746	26.500686557302156	23.24884506737471
12	27.296671491906395	23.123026260611603	26.426875105227822	23.15342714225418
13	27.047659196506775	23.208543728674268	26.38440297370563	23.359394101113327
14	27.70767882265285	23.271072486510285	25.98907915950664	23.032169531330233
15	27.087094574858096	23.39367141158916	26.425400549007765	23.093833464544982
16	27.098849212168474	23.240581991265458	26.378377682562114	23.28219111400395
17	27.442602740619364	23.339431285614115	26.097924872131557	23.120041101634964
18	27.104337542804213	23.196339623741423	26.449743404382875	23.249579429071492
19	26.99106154223215	23.17055757390032	26.347460146275775	23.490920737591754
20	27.448269385684238	23.179299480653096	25.915610941242296	23.456820192420373
21	26.972881893115325	23.414859676093176	26.32057871786285	23.291679712928648
22	26.957071086552492	23.087072841081522	26.441566187651134	23.514289884714852
23	27.30006802633134	23.094403603694335	26.139699069112165	23.465829300862158
24	27.073701271719212	23.18534560645862	26.294083937794955	23.446869184027214
25	26.947361902676693	23.172633966750247	26.3473542018005	23.532649928772567
26	27.467613643935373	23.172605405754844	25.849488115669665	23.510292834640108
27	26.97093259152376	23.273317907005957	26.255207519639928	23.500541981830352
28	26.969024384504	22.873898705112833	26.34724377500623	23.80983313537694
29	27.59381654975666	23.041026377931903	25.759063469378706	23.606093602932727
30	27.192077598325927	23.069858630169488	26.212702090315265	23.525361681189317
31	27.105232700007154	23.042348524530833	26.09759459899785	23.754824176464158
32	27.60229853757523	22.988355732901418	25.731417949622504	23.677927779900845
33	27.16611907934559	23.197753631184998	26.059031119193328	23.577096170276086
34	27.194580644641775	22.94724968696614	26.132118449216605	23.726051219175474
35	27.45407373510976	23.103859396047817	25.81697407043019	23.625092798412233
36	27.09997583122277	23.045657780321807	26.14228378045949	23.712082607995928
37	26.963226277316803	23.025826535484754	26.188642443957182	23.822304743241258
38	27.37359598993004	23.013664428647754	25.82763130618278	23.785108275239423
39	27.032158828822737	23.055310587186522	26.197504792953957	23.71502579103678
40	26.78825863743672	22.95128001998471	26.308724338010098	23.95173700456847
41	27.209456843085793	23.085054793451278	25.793584078376163	23.91190428508677
42	26.873547160886385	23.21400867237756	26.107354298577164	23.80508986815889
43	26.778555039580876	22.96001243374555	26.27901819779766	23.98241432887592
44	27.202442568725687	22.983321492660956	25.828381777149527	23.98585416146383
45	26.82211410546456	23.193657442226737	26.263535678358192	23.72069277395051
46	26.691662042815366	23.11313413898023	26.160757760478333	24.034446057726072
47	27.071075461523503	23.12245307473589	25.950082827350872	23.85638863638973
48	26.851526586982686	23.188421889407852	26.256703698614796	23.70334782499466
49	26.596218458107877	23.008689150704985	26.411086004744195	23.98400638644294
50	27.159295391550337	23.092323929955512	25.78547828022672	23.96290239826743
51	26.76170733676929	23.046719981312553	26.326000354581335	23.865572327336814
52	26.56516702935745	22.958949178568364	26.287742754643777	24.188141037430412
53	26.93504132404243	23.040382163319205	26.04137929520952	23.98319721742884
54	26.570128409420807	23.188084704801177	26.323495443285932	23.918291442492084
55	26.511107482119982	23.015628705835454	26.382194181328934	24.091069630715634
56	26.96370182638536	23.17501723483248	25.885785523823827	23.97549541495833
57	26.485698218877307	23.25975156836356	26.33549259464575	23.91905761811338
58	26.375401497183343	23.06637350059732	26.49328546025907	24.064939541960268
59	26.9291082652024	23.17247181645706	25.938832153991463	23.95958776434908
60	26.627507725803646	23.22703042939141	26.173955252226992	23.971506592577953
61	26.49847903144525	22.995865332199052	26.319386511337832	24.186269125017866
62	26.982148509613467	23.209386247625964	25.871573416976197	23.93689182578437
63	26.69469100431311	23.300679716261424	26.167496950706195	23.837132328719278
64	26.596531912646093	23.188549620305672	26.165876194677708	24.049042272370528
65	26.94239713744167	23.362069344347187	25.886869862152484	23.80866365605866
66	26.60405267430316	23.310065931977185	26.135327979185508	23.95055341453415
67	26.624286747382115	23.439854779602435	26.345853466918356	23.590005006097094
68	27.602050280700556	24.11275065270734	26.18294317996738	22.10225588662472
69	29.39734034249961	25.932328192421565	26.530074749493597	18.140256715585227
70	37.67561159247752	32.397029770095266	29.927358637427208	0.0
>>END_MODULE
>>Per base GC content	fail
#Base	%GC
1	45.872660434213614
2	38.79181169128773
3	48.37721092489765
4	48.02725496958722
5	45.78411455997104
6	57.37802017952281
7	53.27125396629756
8	49.52159018207524
9	49.44697884298221
10	50.49165660156327
11	50.790229893205094
12	50.450098634160575
13	50.40705329762011
14	50.73984835398308
15	50.18092803940307
16	50.381040326172425
17	50.56264384225433
18	50.3539169718757
19	50.4819822798239
20	50.905089578104615
21	50.264561606043976
22	50.471360971267345
23	50.7658973271935
24	50.52057045574643
25	50.480011831449254
26	50.977906478575484
27	50.471474573354115
28	50.77885751988094
29	51.199910152689384
30	50.71743927951524
31	50.86005687647132
32	51.28022631747607
33	50.74321524962168
34	50.92063186381724
35	51.07916653352199
36	50.8120584392187
37	50.78553102055806
38	51.15870426516946
39	50.74718461985952
40	50.739995642005184
41	51.12136112817256
42	50.678637029045284
43	50.760969368456784
44	51.18829673018952
45	50.54280687941507
46	50.72610810054143
47	50.92746409791323
48	50.554874411977345
49	50.58022484455081
50	51.12219778981777
51	50.627279664106105
52	50.75330806678786
53	50.918238541471275
54	50.488419851912894
55	50.60217711283561
56	50.93919724134369
57	50.40475583699069
58	50.44034103914361
59	50.88869602955148
60	50.5990143183816
61	50.68474815646311
62	50.919040335397845
63	50.53182333303239
64	50.64557418501662
65	50.751060793500336
66	50.5546060888373
67	50.21429175347921
68	49.70430616732528
69	47.53759705808484
70	37.67561159247752
>>END_MODULE
>>Per sequence GC content	fail
#GC Content	Count
0	3728.0
1	2047.5
2	365.5
3	375.5
4	488.0
5	637.5
6	747.0
7	934.5
8	1332.0
9	1905.5
10	2302.5
11	2645.5
12	3335.5
13	4273.0
14	5836.0
15	7879.5
16	10027.0
17	12461.0
18	16628.5
19	22503.0
20	27964.5
21	36363.0
22	50888.0
23	63249.5
24	80796.0
25	110153.5
26	143744.5
27	174868.5
28	221667.5
29	293282.0
30	358592.0
31	446443.0
32	568282.5
33	670592.5
34	798039.5
35	964293.5
36	1152796.5
37	1308861.0
38	1434260.0
39	1568943.5
40	1662321.5
41	1734741.5
42	1785087.0
43	1812650.5
44	1832863.5
45	1828573.5
46	1796371.5
47	1772796.5
48	1749730.0
49	1710873.0
50	1687541.5
51	1653219.0
52	1603758.0
53	1578455.5
54	1549879.0
55	1499825.5
56	1432931.5
57	1377450.0
58	1334708.5
59	1271878.5
60	1209003.5
61	1144035.5
62	1054868.5
63	966386.5
64	878721.5
65	781424.5
66	679407.5
67	593155.0
68	525806.0
69	446670.0
70	380468.0
71	335664.0
72	284285.0
73	234809.0
74	195627.5
75	159548.5
76	127847.0
77	106711.0
78	89962.0
79	70262.0
80	56224.5
81	47096.5
82	37544.5
83	28613.0
84	23108.0
85	18122.0
86	13067.0
87	10127.0
88	7825.0
89	5201.0
90	3651.5
91	2491.0
92	1598.5
93	1081.0
94	647.5
95	431.5
96	384.5
97	444.0
98	677.5
99	425526.5
100	850203.0
>>END_MODULE
>>Per base N content	pass
#Base	N-Count
1	0.0
2	0.0
3	0.0
4	0.0
5	0.0
6	2.835373346651271E-6
7	2.835373346651271E-6
8	2.2682986773210168E-5
9	2.835373346651271E-6
10	5.670746693302542E-6
11	0.0
12	2.835373346651271E-5
13	2.835373346651271E-6
14	2.835373346651271E-5
15	1.7012240079907627E-5
16	4.5365973546420336E-5
17	1.5311016071916864E-4
18	0.0
19	0.0
20	1.4176866733256355E-5
21	2.835373346651271E-6
22	0.0
23	7.939045370623558E-5
24	3.118910681316398E-5
25	2.835373346651271E-5
26	3.969522685311779E-5
27	3.969522685311779E-5
28	3.969522685311779E-5
29	0.0
30	7.088433366628177E-5
31	2.835373346651271E-5
32	1.0774418717274829E-4
33	2.041468809588915E-4
34	4.961903356639724E-4
35	2.0131150761224024E-4
36	2.2682986773210167E-4
37	5.1415334183533495E-5
38	3.166219409391277E-5
39	1.739992058676244E-5
40	4.383122803178851E-5
41	1.5305245460817395E-4
42	4.685121022310013E-4
43	4.780368936923629E-5
44	1.836070894971387E-4
45	8.187491617297356E-5
46	3.055070953411879E-5
47	4.093870921173285E-4
48	6.513334299581308E-5
49	3.7508333882934616E-4
50	2.8353594654553508E-5
51	3.7471288815769775E-4
52	2.2409064018214085E-5
53	3.227380788783483E-5
54	4.553362020381369E-5
55	9.503971349131338E-5
56	2.8398551211586214E-4
57	3.52750354580663E-4
58	1.6768697483374004E-5
59	6.049112439753037E-4
60	9.193829836919846E-5
61	6.17749381135238E-5
62	1.487230003336583E-4
63	2.405267410135985E-4
64	1.1596496325966408E-4
65	5.067741349144025E-4
66	9.661244907226823E-5
67	5.8109044527508093E-5
68	1.961380863425505E-4
69	0.0
70	0.0
>>END_MODULE
>>Sequence Length Distribution	warn
#Length	Count
36	259713.0
37	267262.0
38	258833.0
39	260740.0
40	246896.0
41	251498.0
42	253562.0
43	247102.0
44	245985.0
45	244669.0
46	244874.0
47	246039.0
48	248661.0
49	250883.0
50	251230.0
51	253417.0
52	252482.0
53	238366.0
54	232952.0
55	230325.0
56	233655.0
57	232118.0
58	226344.0
59	223596.0
60	229492.0
61	225219.0
62	225772.0
63	230168.0
64	239172.0
65	270990.0
66	412269.0
67	1022506.0
68	2693980.0
69	8728617.0
70	1.5089337E7
>>END_MODULE
>>Sequence Duplication Levels	fail
#Total Duplicate Percentage	59.466133143414034
#Duplication Level	Relative count
1	100.0
2	26.390317770405392
3	14.642407148389186
4	10.128425944121421
5	7.720583985481279
6	6.1080350021385055
7	5.197147117640939
8	4.194939254875215
9	3.6932573489463523
10++	53.114704828399354
>>END_MODULE
>>Overrepresented sequences	fail
#Sequence	Count	Percentage	Possible Source
GGGGGGGGGGGGGGGGGGGGGGGGGGGGGGGGGGGGGGGGGGGGGGGGGGGGGGGGGGGGGGGGGGGGGG	404720	1.1475323008567024	No Hit
>>END_MODULE
>>Kmer Content	fail
#Sequence	Count	Obs/Exp Overall	Obs/Exp Max	Max Obs/Exp Position
GGGGG	50501245	16.494528	20.738615	66
TCTTC	6827395	3.0950544	6.650328	2
CTTCT	6674595	3.0257857	5.1913133	1
CTCCA	5099655	3.0092905	5.532303	1
TTCTT	7112545	2.8358395	5.774574	1
CTTCA	5307805	2.7547464	6.6369004	1
TCCAG	5294450	2.7090378	6.255511	2
TTCCA	4549620	2.361249	5.4602695	1
TTCAG	4338150	1.9522803	5.854836	2
TTTCA	4167680	1.9024112	5.3222036	1
ATCCA	2831840	1.6826304	5.1546364	1
>>END_MODULE
