##FastQC	0.10.1
>>Basic Statistics	pass
#Measure	Value	
Filename	SRR13389820.fastq	
File type	Conventional base calls	
Encoding	Sanger / Illumina 1.9	
Total Sequences	26975767	
Filtered Sequences	0	
Sequence length	36-70	
%GC	51	
>>END_MODULE
>>Per base sequence quality	pass
#Base	Mean	Median	Lower Quartile	Upper Quartile	10th Percentile	90th Percentile
1	35.834875797970824	36.0	36.0	36.0	36.0	36.0
2	35.47377907734746	36.0	36.0	36.0	36.0	36.0
3	35.50983921977084	36.0	36.0	36.0	36.0	36.0
4	35.56342468408776	36.0	36.0	36.0	36.0	36.0
5	35.52459935615547	36.0	36.0	36.0	36.0	36.0
6	35.643221043538816	36.0	36.0	36.0	36.0	36.0
7	35.647360981431966	36.0	36.0	36.0	36.0	36.0
8	35.62042169180954	36.0	36.0	36.0	36.0	36.0
9	35.60796999766494	36.0	36.0	36.0	36.0	36.0
10	35.61297093053925	36.0	36.0	36.0	36.0	36.0
11	35.61299862205957	36.0	36.0	36.0	36.0	36.0
12	35.61706675476549	36.0	36.0	36.0	36.0	36.0
13	35.607524301347944	36.0	36.0	36.0	36.0	36.0
14	35.60832631746857	36.0	36.0	36.0	36.0	36.0
15	35.601651363610905	36.0	36.0	36.0	36.0	36.0
16	35.610532223235765	36.0	36.0	36.0	36.0	36.0
17	35.58763422741604	36.0	36.0	36.0	36.0	36.0
18	35.576655447832124	36.0	36.0	36.0	36.0	36.0
19	35.56999369100423	36.0	36.0	36.0	36.0	36.0
20	35.560051026538005	36.0	36.0	36.0	36.0	36.0
21	35.550912639481204	36.0	36.0	36.0	36.0	36.0
22	35.53992403626559	36.0	36.0	36.0	36.0	36.0
23	35.52480194539047	36.0	36.0	36.0	36.0	36.0
24	35.531605162514936	36.0	36.0	36.0	36.0	36.0
25	35.51168824967979	36.0	36.0	36.0	36.0	36.0
26	35.500027302282085	36.0	36.0	36.0	36.0	36.0
27	35.486847102438276	36.0	36.0	36.0	36.0	36.0
28	35.48726329078984	36.0	36.0	36.0	36.0	36.0
29	35.47665069171156	36.0	36.0	36.0	36.0	36.0
30	35.471803378194956	36.0	36.0	36.0	36.0	36.0
31	35.47249629639817	36.0	36.0	36.0	36.0	36.0
32	35.45087574340333	36.0	36.0	36.0	36.0	36.0
33	35.41884629267446	36.0	36.0	36.0	36.0	36.0
34	35.39212938783168	36.0	36.0	36.0	36.0	36.0
35	35.359647086216306	36.0	36.0	36.0	36.0	36.0
36	35.35079918209554	36.0	36.0	36.0	36.0	36.0
37	35.351955519176165	36.0	36.0	36.0	36.0	36.0
38	35.33233146709938	36.0	36.0	36.0	36.0	36.0
39	35.321657382185435	36.0	36.0	36.0	36.0	36.0
40	35.31600120949659	36.0	36.0	36.0	36.0	36.0
41	35.31518738324519	36.0	36.0	36.0	36.0	36.0
42	35.31336581369739	36.0	36.0	36.0	36.0	36.0
43	35.299758023574086	36.0	36.0	36.0	36.0	36.0
44	35.2713651608223	36.0	36.0	36.0	36.0	36.0
45	35.27587347494274	36.0	36.0	36.0	36.0	36.0
46	35.27232700187161	36.0	36.0	36.0	36.0	36.0
47	35.23135002295353	36.0	36.0	36.0	36.0	36.0
48	35.21666217327802	36.0	36.0	36.0	36.0	36.0
49	35.197262091456416	36.0	36.0	36.0	36.0	36.0
50	35.15745168862431	36.0	36.0	36.0	32.0	36.0
51	35.128465662062965	36.0	36.0	36.0	32.0	36.0
52	35.124059688421745	36.0	36.0	36.0	32.0	36.0
53	35.13461474387339	36.0	36.0	36.0	32.0	36.0
54	35.090727754150926	36.0	36.0	36.0	32.0	36.0
55	35.09937631305949	36.0	36.0	36.0	32.0	36.0
56	35.110030692139375	36.0	36.0	36.0	32.0	36.0
57	35.06385200710257	36.0	36.0	36.0	32.0	36.0
58	35.056646054539875	36.0	36.0	36.0	32.0	36.0
59	35.07693692913765	36.0	36.0	36.0	32.0	36.0
60	35.07883210385518	36.0	36.0	36.0	32.0	36.0
61	35.0421349719046	36.0	36.0	36.0	32.0	36.0
62	35.05961059017728	36.0	36.0	36.0	32.0	36.0
63	35.057937350943305	36.0	36.0	36.0	32.0	36.0
64	35.050639390870685	36.0	36.0	36.0	32.0	36.0
65	35.039155321243186	36.0	36.0	36.0	32.0	36.0
66	35.03710992867757	36.0	36.0	36.0	32.0	36.0
67	35.05015322549528	36.0	36.0	36.0	32.0	36.0
68	35.093150484866115	36.0	36.0	36.0	32.0	36.0
69	35.290754593992965	36.0	36.0	36.0	32.0	36.0
70	35.24000478234538	36.0	36.0	36.0	32.0	36.0
>>END_MODULE
>>Per sequence quality scores	pass
#Quality	Count
31	246.0
32	45973.0
33	948454.0
34	5643101.0
35	1.8279211E7
36	2058782.0
>>END_MODULE
>>Per base sequence content	fail
#Base	G	A	T	C
1	26.73846493410178	27.78064475423442	24.043494296195544	21.437396015468256
2	21.320494798164592	21.23860278004329	39.46393071974562	17.976971702046505
3	23.33571089934162	20.70319260987093	30.66240896876074	25.298687522026714
4	23.311092507582824	19.45952824992891	32.50841394055635	24.720965301931916
5	25.63431838657266	29.793113945564553	25.47774823233015	19.09481943553264
6	30.668065897811168	22.175336108144766	21.327790234842997	25.828807759201062
7	27.999963819379076	20.324163535368616	26.256769640692703	25.419103004559613
8	26.939815597410416	22.165429259453674	27.33237914334944	23.562375999786475
9	26.385181188731355	22.515641538570524	27.215626528802684	23.883550743895437
10	27.034462229338075	22.09048381019037	26.5826566920345	24.292397268437057
11	27.56611887995622	22.278083881729852	26.17661992706268	23.97917731125124
12	27.26618267659558	22.621687025685283	26.257210176840246	23.85492012087889
13	27.08891650791616	22.687707081692988	26.104699821880878	24.118676588509977
14	27.69158413670585	22.75732816266634	25.740399000450736	23.810688700177074
15	27.095423351462937	22.941813774630162	26.11898397991738	23.843778893989516
16	27.148480022265918	22.672401742053058	26.053385638074957	24.125732597606063
17	27.398972112699866	22.867830775230466	25.763482865332232	23.969714246737436
18	27.163542745605714	22.669917040727704	26.11260321161582	24.053937002050766
19	27.042319130351327	22.609184754598452	25.924345357816886	24.424150757233335
20	27.453078063188723	22.67464770782008	25.50069947977744	24.371574749213757
21	26.9891009957196	22.94615385727494	25.925676181885766	24.139068965119694
22	27.026037850934877	22.608339551568633	25.946205718636286	24.4194168788602
23	27.344400063019563	22.594448717829906	25.674618870652345	24.38653234849819
24	27.106911060407974	22.719442296322413	25.893647700515114	24.279998942754492
25	27.076624609524423	22.591831429098992	25.84560456667781	24.485939394698775
26	27.492798905921546	22.649940342741754	25.41858131755463	24.438679433782074
27	27.024462663020877	22.739375342228506	25.885354938801918	24.350807055948707
28	26.992982552523166	22.287073029222565	25.937179237525182	24.782765180729086
29	27.59132668961739	22.492539322422232	25.35930859723099	24.55682539072939
30	27.21910773794184	22.496266276469328	25.866637563987094	24.41798842160174
31	27.18271583272733	22.414201963444	25.716955624202363	24.68612657962631
32	27.619559083861343	22.39635892128565	25.405877621457083	24.57820437339592
33	27.247161854758556	22.57858512448752	25.698546796681875	24.47570622407205
34	27.27919135080808	22.29987166575727	25.70489025789292	24.716046725541734
35	27.519143787174862	22.509861922885253	25.368799197708253	24.602195092231632
36	27.177077927621628	22.472508694951543	25.71975952737631	24.630653850050514
37	27.071743480389788	22.38110376624291	25.73267969378427	24.814473059583037
38	27.518708698954082	22.354761408591532	25.359631512880203	24.766898379574183
39	27.200123591051966	22.442398458930505	25.77243555102065	24.585042398996876
40	27.029148889843214	22.25318933441726	25.787956912666125	24.929704863073397
41	27.33911274048616	22.427964409137875	25.376970203085854	24.855952647290117
42	27.024766288022356	22.514999107622298	25.705835917873376	24.754398686481967
43	26.97714114798899	22.24298441397766	25.853907917402314	24.925966520631032
44	27.421939505068615	22.25520647220684	25.36058256619316	24.962271456531386
45	27.099889325249748	22.48078786553204	25.81033572818579	24.608987081032424
46	26.992460277905145	22.316644405015847	25.660293853790794	25.03060146328821
47	27.372689428134755	22.3603701679661	25.44538176087422	24.821558643024925
48	27.13561555487224	22.475665657394416	25.83567758795428	24.55304119977907
49	26.99087658576615	22.256961379035463	25.87271116572336	24.879450869475022
50	27.49940388934295	22.349369652299416	25.285457749457045	24.86576870890059
51	27.091283006162886	22.383433961893466	25.840381353015022	24.684901678928625
52	26.99288587878965	22.163448427457453	25.738044794701015	25.10562089905188
53	27.341574721810808	22.214201235374254	25.530142628010584	24.914081414804357
54	26.92392580467786	22.43929541194029	25.879535568024764	24.75724321535708
55	26.95903798830158	22.226692225710117	25.82192016771571	24.99234961827259
56	27.32368124026621	22.350009639441748	25.378105485252085	24.948203635039953
57	26.872010182774403	22.52674502113955	25.82728194537006	24.773962850715986
58	26.8629866106609	22.230906170325422	25.923507496208575	24.982599722805105
59	27.306665618373867	22.320293056731266	25.481686494050237	24.89135483084463
60	26.985619984389086	22.485611904253012	25.699760930365116	24.829007180992775
61	26.88635240168938	22.191591544634413	25.830881378086968	25.091174675589244
62	27.323086748445647	22.392767395459124	25.36556161001251	24.918584246082723
63	27.049768710781883	22.47859905389852	25.756275012545327	24.715357222774266
64	26.96374511547519	22.334748244468496	25.70030512686255	25.001201513193767
65	27.313736690722713	22.44500311964185	25.40844251306601	24.832817676569434
66	26.991856631201916	22.50114670091955	25.68318142464932	24.823815243229216
67	27.016116101933367	22.585803324883894	25.841918764539074	24.55616180864366
68	28.028573332500283	23.23244005074748	25.725366127569544	23.013620489182692
69	29.921073923716218	25.017965895653816	26.07729570857846	18.983664472051505
70	38.90707906496239	31.562811313489686	29.530109621547922	0.0
>>END_MODULE
>>Per base GC content	fail
#Base	%GC
1	48.17586094957003
2	39.2974665002111
3	48.63439842136834
4	48.03205780951474
5	44.729137822105294
6	56.49687365701224
7	53.419066823938685
8	50.50219159719689
9	50.268731932626785
10	51.32685949777513
11	51.54529619120747
12	51.12110279747447
13	51.20759309642614
14	51.50227283688292
15	50.93920224545245
16	51.27421261987198
17	51.3686863594373
18	51.21747974765648
19	51.466469887584665
20	51.82465281240248
21	51.1281699608393
22	51.44545472979508
23	51.73093241151775
24	51.38691000316247
25	51.5625640042232
26	51.93147833970362
27	51.375269718969584
28	51.77574773325225
29	52.148152080346776
30	51.63709615954358
31	51.86884241235363
32	52.19776345725726
33	51.72286807883061
34	51.995238076349814
35	52.1213388794065
36	51.80773177767214
37	51.88621653997283
38	52.285607078528265
39	51.785165990048846
40	51.95885375291661
41	52.195065387776275
42	51.77916497450432
43	51.90310766862003
44	52.3842109616
45	51.708876406282165
46	52.02306174119335
47	52.19424807115968
48	51.688656754651305
49	51.870327455241174
50	52.36517259824354
51	51.77618468509151
52	52.098506777841536
53	52.25565613661516
54	51.68116902003494
55	51.95138760657417
56	52.271884875306164
57	51.64597303349039
58	51.845586333465995
59	52.1980204492185
60	51.814627165381864
61	51.977527077278616
62	52.24167099452836
63	51.765125933556156
64	51.964946628668955
65	52.14655436729214
66	51.81567187443113
67	51.57227791057702
68	51.04219382168298
69	48.90473839576772
70	38.90707906496239
>>END_MODULE
>>Per sequence GC content	warn
#GC Content	Count
0	1607.0
1	949.5
2	283.5
3	289.5
4	399.5
5	516.5
6	633.5
7	833.5
8	1146.5
9	1613.0
10	1962.5
11	2228.0
12	2772.0
13	3592.5
14	5010.0
15	6889.5
16	8859.0
17	11060.5
18	14332.5
19	19067.5
20	23825.5
21	30568.5
22	41803.5
23	50928.5
24	62739.5
25	81959.5
26	103190.0
27	122854.0
28	149329.5
29	187846.5
30	223303.0
31	268557.5
32	332114.0
33	388631.0
34	462517.0
35	561943.5
36	681705.0
37	783439.0
38	883162.0
39	995923.0
40	1073626.5
41	1159677.0
42	1239609.0
43	1286130.5
44	1331172.5
45	1358946.5
46	1367609.0
47	1379424.5
48	1374854.0
49	1359715.0
50	1355047.0
51	1343809.5
52	1321773.5
53	1311511.0
54	1295132.5
55	1264219.5
56	1224594.0
57	1190249.0
58	1161437.5
59	1115631.5
60	1067669.5
61	1016759.5
62	944701.0
63	872957.0
64	796906.5
65	711781.5
66	625301.0
67	551106.5
68	492079.0
69	421068.0
70	360977.5
71	318369.5
72	269709.0
73	223858.0
74	187466.0
75	153229.0
76	123001.5
77	102988.0
78	86327.0
79	67331.0
80	54149.0
81	45394.5
82	36206.0
83	27456.0
84	22034.0
85	17165.5
86	12326.5
87	9646.5
88	7450.0
89	4914.5
90	3413.0
91	2267.5
92	1456.5
93	1035.5
94	637.5
95	392.5
96	271.0
97	225.0
98	330.5
99	180573.5
100	360730.0
>>END_MODULE
>>Per base N content	pass
#Base	N-Count
1	0.0
2	0.0
3	0.0
4	0.0
5	0.0
6	0.0
7	0.0
8	2.5949215827672295E-5
9	0.0
10	7.414061665049228E-6
11	0.0
12	2.5949215827672295E-5
13	0.0
14	2.965624666019691E-5
15	3.707030832524614E-6
16	3.7070308325246135E-5
17	1.7423044912865686E-4
18	0.0
19	0.0
20	1.8535154162623068E-5
21	0.0
22	0.0
23	6.301952415291843E-5
24	2.965624666019691E-5
25	2.965624666019691E-5
26	1.8535154162623068E-5
27	1.4828123330098456E-5
28	1.4828123330098456E-5
29	0.0
30	5.560546248786921E-5
31	1.4828123330098456E-5
32	9.267577081311534E-5
33	1.890585724587553E-4
34	4.2260151490780594E-4
35	1.63109356631083E-4
36	2.0759372662137836E-4
37	4.106868790321051E-5
38	3.384810280255522E-5
39	1.136504149603951E-5
40	2.2895569035788216E-5
41	1.306750693298502E-4
42	3.6778989053992136E-4
43	4.680168771566071E-5
44	1.532280795249018E-4
45	5.1454510156031845E-5
46	6.778169684460652E-5
47	3.5353293293853886E-4
48	4.8577174557219054E-5
49	3.3452610929367787E-4
50	1.2335449219231854E-5
51	3.232946878745219E-4
52	3.3425315623765485E-5
53	2.948547219193526E-5
54	4.2460392945460475E-5
55	8.13073050676618E-5
56	3.32095995409657E-4
57	2.9998348786540707E-4
58	1.752955460995295E-5
59	4.6377907508318207E-4
60	8.013351668475532E-5
61	7.181046847623662E-5
62	1.1763143673000894E-4
63	2.0981052103067685E-4
64	6.438726844786073E-5
65	4.731979520178205E-4
66	7.028502075329236E-5
67	5.233517405655977E-5
68	2.0298160169811437E-4
69	2.2118672428433377E-5
70	0.0
>>END_MODULE
>>Sequence Length Distribution	warn
#Length	Count
36	191371.0
37	195018.0
38	192642.0
39	190792.0
40	187209.0
41	188770.0
42	189864.0
43	187847.0
44	187219.0
45	184518.0
46	188918.0
47	188639.0
48	190673.0
49	192135.0
50	193557.0
51	192640.0
52	193450.0
53	189145.0
54	183226.0
55	182067.0
56	184801.0
57	182660.0
58	178516.0
59	177579.0
60	181637.0
61	177939.0
62	178391.0
63	181115.0
64	187968.0
65	213787.0
66	323305.0
67	819494.0
68	2114607.0
69	6859650.0
70	1.1224618E7
>>END_MODULE
>>Sequence Duplication Levels	fail
#Total Duplicate Percentage	58.58177002662573
#Duplication Level	Relative count
1	100.0
2	25.970489877078816
3	14.316702819956616
4	9.89809291395517
5	7.654329356471439
6	5.982239696312364
7	4.83324295010846
8	3.994938539407086
9	3.517037237888648
10++	49.790988792480114
>>END_MODULE
>>Overrepresented sequences	warn
#Sequence	Count	Percentage	Possible Source
GGGGGGGGGGGGGGGGGGGGGGGGGGGGGGGGGGGGGGGGGGGGGGGGGGGGGGGGGGGGGGGGGGGGGG	196076	0.7268597775180962	No Hit
>>END_MODULE
>>Kmer Content	fail
#Sequence	Count	Obs/Exp Overall	Obs/Exp Max	Max Obs/Exp Position
GGGGG	24125090	9.954955	13.976527	66
TCTTC	5232055	3.0408216	6.349563	2
CTTCT	5162100	3.0001643	4.85152	1
TTCTT	5257540	2.8220265	5.5915465	1
TCCAG	4271105	2.763605	5.4606233	2
CTTCA	4019785	2.6981876	6.0786777	1
TTCAG	3269790	1.9539591	5.22652	2
>>END_MODULE
