##FastQC	0.10.1
>>Basic Statistics	pass
#Measure	Value	
Filename	SRR13389841.fastq	
File type	Conventional base calls	
Encoding	Sanger / Illumina 1.9	
Total Sequences	29605743	
Filtered Sequences	0	
Sequence length	36-70	
%GC	48	
>>END_MODULE
>>Per base sequence quality	pass
#Base	Mean	Median	Lower Quartile	Upper Quartile	10th Percentile	90th Percentile
1	35.835194137840084	36.0	36.0	36.0	36.0	36.0
2	35.485494182665846	36.0	36.0	36.0	36.0	36.0
3	35.52103694881091	36.0	36.0	36.0	36.0	36.0
4	35.568911511526665	36.0	36.0	36.0	36.0	36.0
5	35.53836801190904	36.0	36.0	36.0	36.0	36.0
6	35.653606497901436	36.0	36.0	36.0	36.0	36.0
7	35.656537989943374	36.0	36.0	36.0	36.0	36.0
8	35.6334992842436	36.0	36.0	36.0	36.0	36.0
9	35.62202846927368	36.0	36.0	36.0	36.0	36.0
10	35.62566425034494	36.0	36.0	36.0	36.0	36.0
11	35.62409445356599	36.0	36.0	36.0	36.0	36.0
12	35.62872054925289	36.0	36.0	36.0	36.0	36.0
13	35.62082123728494	36.0	36.0	36.0	36.0	36.0
14	35.620303060794654	36.0	36.0	36.0	36.0	36.0
15	35.61669595659193	36.0	36.0	36.0	36.0	36.0
16	35.62448211483833	36.0	36.0	36.0	36.0	36.0
17	35.60208159612816	36.0	36.0	36.0	36.0	36.0
18	35.59357959703967	36.0	36.0	36.0	36.0	36.0
19	35.58968163710669	36.0	36.0	36.0	36.0	36.0
20	35.578552782816494	36.0	36.0	36.0	36.0	36.0
21	35.56660162185425	36.0	36.0	36.0	36.0	36.0
22	35.561904931755976	36.0	36.0	36.0	36.0	36.0
23	35.53725420773936	36.0	36.0	36.0	36.0	36.0
24	35.551000088057236	36.0	36.0	36.0	36.0	36.0
25	35.53287394273469	36.0	36.0	36.0	36.0	36.0
26	35.52614257983662	36.0	36.0	36.0	36.0	36.0
27	35.50948294052272	36.0	36.0	36.0	36.0	36.0
28	35.51369317094998	36.0	36.0	36.0	36.0	36.0
29	35.50289087492248	36.0	36.0	36.0	36.0	36.0
30	35.49781219812656	36.0	36.0	36.0	36.0	36.0
31	35.499998969794476	36.0	36.0	36.0	36.0	36.0
32	35.48279038293347	36.0	36.0	36.0	36.0	36.0
33	35.45025139210321	36.0	36.0	36.0	36.0	36.0
34	35.42371204803068	36.0	36.0	36.0	36.0	36.0
35	35.395293946853485	36.0	36.0	36.0	36.0	36.0
36	35.384764841064786	36.0	36.0	36.0	36.0	36.0
37	35.38289572034508	36.0	36.0	36.0	36.0	36.0
38	35.371443179228216	36.0	36.0	36.0	36.0	36.0
39	35.35762698686185	36.0	36.0	36.0	36.0	36.0
40	35.35565043638357	36.0	36.0	36.0	36.0	36.0
41	35.354332005567024	36.0	36.0	36.0	36.0	36.0
42	35.35014563032771	36.0	36.0	36.0	36.0	36.0
43	35.339886293644746	36.0	36.0	36.0	36.0	36.0
44	35.30691425657809	36.0	36.0	36.0	36.0	36.0
45	35.30989470768102	36.0	36.0	36.0	36.0	36.0
46	35.31133910327448	36.0	36.0	36.0	36.0	36.0
47	35.267151358858015	36.0	36.0	36.0	36.0	36.0
48	35.26526515333357	36.0	36.0	36.0	36.0	36.0
49	35.2400569551685	36.0	36.0	36.0	36.0	36.0
50	35.20039282135836	36.0	36.0	36.0	32.0	36.0
51	35.17452284211581	36.0	36.0	36.0	32.0	36.0
52	35.171495494640496	36.0	36.0	36.0	32.0	36.0
53	35.176012873392054	36.0	36.0	36.0	32.0	36.0
54	35.14096942644793	36.0	36.0	36.0	32.0	36.0
55	35.145356683052796	36.0	36.0	36.0	32.0	36.0
56	35.15897596904355	36.0	36.0	36.0	32.0	36.0
57	35.118268253002775	36.0	36.0	36.0	32.0	36.0
58	35.11077655517642	36.0	36.0	36.0	32.0	36.0
59	35.125623159020385	36.0	36.0	36.0	32.0	36.0
60	35.1262488432743	36.0	36.0	36.0	32.0	36.0
61	35.09084227761473	36.0	36.0	36.0	32.0	36.0
62	35.10836345720771	36.0	36.0	36.0	32.0	36.0
63	35.10290051465388	36.0	36.0	36.0	32.0	36.0
64	35.10450212071945	36.0	36.0	36.0	32.0	36.0
65	35.0848049351362	36.0	36.0	36.0	32.0	36.0
66	35.089286631330914	36.0	36.0	36.0	32.0	36.0
67	35.095956302913976	36.0	36.0	36.0	32.0	36.0
68	35.12633534814423	36.0	36.0	36.0	32.0	36.0
69	35.30710374231641	36.0	36.0	36.0	32.0	36.0
70	35.25751833896069	36.0	36.0	36.0	32.0	36.0
>>END_MODULE
>>Per sequence quality scores	pass
#Quality	Count
31	265.0
32	46705.0
33	958298.0
34	5768437.0
35	2.0418578E7
36	2413460.0
>>END_MODULE
>>Per base sequence content	fail
#Base	G	A	T	C
1	25.540267643342034	29.440784512653508	24.61783850518462	20.401109338819836
2	19.866837998289725	22.035836087613138	39.986974824445376	18.11035108965176
3	21.709835149214125	22.425426039805856	31.762648213219986	24.102090597760036
4	21.722396901168803	21.028835520189446	34.21739153785129	23.031376040790462
5	23.060039398436984	32.619411037919235	25.632023489496614	18.68852607414717
6	27.498374217461794	24.680316248100915	23.033162856274203	24.788146678163084
7	26.146075779959315	22.156579552825274	27.27598155533539	24.421363111880016
8	25.320855843466305	23.90589717041705	27.34226446147725	23.430982524639393
9	25.027539420307743	24.41948172015139	27.381704286225816	23.17127457331505
10	25.39994099793209	23.765278370662017	26.888719762537956	23.94606086886794
11	25.77296911616101	24.252054744918915	26.41909037716094	23.55588576175913
12	25.894404381637397	24.04675904696306	26.711273112750856	23.34756345864869
13	25.308427489896136	24.12409646331119	26.725872071509908	23.84160397528277
14	25.713263132280918	24.340322780094354	25.987014202555187	23.95939988506954
15	25.28266986622661	24.3217514118378	26.70186434805307	23.69371437388252
16	25.221598949608953	24.165249598929073	26.54217412463585	24.070977326826124
17	25.517813590046206	24.44690771025279	26.265815249052014	23.769463450648985
18	25.279726977296264	24.496257364660636	26.813324698522173	23.410690959520927
19	24.839671304303064	24.31684029402134	27.14190713409581	23.701581267579783
20	25.506697384135467	24.280259455109682	26.05633070183895	24.1567124589159
21	25.223133227901084	24.616017912470564	26.54562663737235	23.615222222255998
22	25.475938908204398	23.80675600676531	26.26083391995938	24.456471165070912
23	25.170054998838737	24.61993488014274	25.984157924098174	24.225852196920354
24	25.276779153659895	24.58314325191194	26.278595220777163	23.861482373650997
25	25.593574164141707	24.450437577366767	25.889385084025605	24.06660317446592
26	25.615787723312284	24.2972291384866	25.78792327352218	24.299059864678934
27	24.909048871781092	24.708884950838073	26.494008677710585	23.88805749967025
28	25.33655225986835	24.116203995517218	26.40397066392116	24.143273080693266
29	25.436422926457208	24.31265785155265	25.927878249838216	24.323040972151926
30	25.071868696215432	24.80654840869133	26.171838306824892	23.94974458826834
31	25.17306103478582	24.13631613329037	26.58917831474572	24.101444517178088
32	25.715852593440502	24.251141950281145	25.882773090637816	24.150232365640534
33	25.465325262316984	24.31008107934931	26.49676553719118	23.727828121142526
34	25.362269618666954	24.170493442753465	26.616121798131527	23.851115140448055
35	25.61931160944918	24.067633746400272	26.045665404769768	24.267389239380776
36	25.451058038918156	24.38087110951622	26.341877293838557	23.82619355772707
37	25.400054538326877	23.93319384730703	26.4586869114169	24.208064702949194
38	25.368035387767314	24.231681201276977	25.9673953518153	24.43288805914041
39	25.464780645114395	24.653904967660775	26.458167425240635	23.42314696198419
40	24.993152273634138	24.21404936722639	26.671775428280682	24.12102293085879
41	25.31463742679751	24.449615517313894	26.090353038576364	24.145394017312235
42	25.20315819202965	24.552677421143407	26.550816304545126	23.69334808228182
43	25.15315662148751	24.172498657026615	26.211897518547396	24.462447202938478
44	25.393751102541547	24.39936456573733	25.999765265922868	24.207119065798256
45	25.59522036346273	24.553889656326955	26.386789860640537	23.46410011956978
46	25.290110954380317	23.899357564155707	26.62469171820245	24.185839763261523
47	25.37943749356586	24.285020692626386	25.989977987387213	24.345563826420534
48	25.470371543427234	24.30890498795595	26.76836736276967	23.452356105847155
49	25.643193894827725	23.987321795666215	26.4777944405536	23.891689868952458
50	25.498728168475754	24.49214516820934	25.96391705551795	24.045209607796956
51	24.994945390779616	24.462820657380345	26.908844010871295	23.633389940968744
52	25.399028374058023	23.812021258314235	26.42303671728014	24.365913650347604
53	25.026443322809627	24.409093513256945	26.19364502774851	24.370818136184916
54	25.051593579170188	24.52777440015371	26.65489419256116	23.76573782811495
55	25.475661358089972	23.954283866270952	26.50112923454295	24.068925541096124
56	25.483951545788187	24.6152173282911	25.85016451546951	24.050666610451206
57	25.24945782933392	24.61601375074461	26.273726881958716	23.860801537962757
58	25.240327897036124	24.13217257079246	26.576531234107243	24.050968298064173
59	25.260015620628266	24.634790732224964	25.9620454275861	24.143148219560665
60	25.35434350030343	24.456602621214447	26.150331511878623	24.038722366603505
61	25.512769594729868	23.88254629688919	26.502545014636507	24.102139093744434
62	26.007949752845494	24.32630112716592	25.825540292494843	23.840208827493743
63	25.45739030572897	24.729642034506846	26.3200960925207	23.492871567243483
64	25.35235584924065	24.444832311837505	26.50801878224601	23.694793056675838
65	25.952995073027154	24.687398926018002	25.635128124697886	23.724477876256955
66	25.935455502877584	24.435546969109446	26.106611037398114	23.522386490614856
67	25.433128711921	24.731175157747064	26.28997215550551	23.54572397482643
68	26.234630117985848	25.610465181205733	26.002944073422018	22.151960627386398
69	27.92975249475345	27.538114579147948	26.581554646491973	17.950578279606628
70	35.97387826375842	33.85184183545878	30.174279900782796	0.0
>>END_MODULE
>>Per base GC content	fail
#Base	%GC
1	45.94137698216188
2	37.97718908794149
3	45.81192574697416
4	44.75377294195927
5	41.748565472584154
6	52.286520895624875
7	50.56743889183933
8	48.7518383681057
9	48.19881399362279
10	49.34600186680002
11	49.328854877920136
12	49.24196784028608
13	49.1500314651789
14	49.67266301735046
15	48.97638424010913
16	49.29257627643508
17	49.287277040695194
18	48.69041793681719
19	48.54125257188285
20	49.66340984305137
21	48.83835545015708
22	49.932410073275314
23	49.39590719575909
24	49.13826152731089
25	49.660177338607625
26	49.91484758799122
27	48.79710637145134
28	49.47982534056162
29	49.75946389860913
30	49.02161328448378
31	49.27450555196391
32	49.866084959081036
33	49.19315338345951
34	49.21338475911501
35	49.88670084882996
36	49.27725159664522
37	49.608119241276064
38	49.800923446907724
39	48.88792760709858
40	49.11417520449292
41	49.460031444109745
42	48.89650627431147
43	49.61560382442599
44	49.6008701683398
45	49.05932048303251
46	49.475950717641844
47	49.7250013199864
48	48.922727649274385
49	49.534883763780186
50	49.54393777627271
51	48.62833533174836
52	49.76494202440563
53	49.39726145899454
54	48.81733140728514
55	49.54458689918609
56	49.5346181562394
57	49.11025936729668
58	49.2912961951003
59	49.40316384018894
60	49.39306586690693
61	49.6149086884743
62	49.84815858033924
63	48.950261872972455
64	49.04714890591649
65	49.67747294928411
66	49.457841993492444
67	48.97885268674742
68	48.386590745372246
69	45.880330774360075
70	35.97387826375842
>>END_MODULE
>>Per sequence GC content	warn
#GC Content	Count
0	162.0
1	210.5
2	269.5
3	298.0
4	413.5
5	551.0
6	709.5
7	924.0
8	1155.5
9	1516.5
10	1873.0
11	2263.5
12	2943.5
13	3840.5
14	5225.5
15	7424.5
16	9847.0
17	12123.5
18	16189.0
19	22174.0
20	27797.5
21	36312.0
22	50568.5
23	62320.0
24	76735.5
25	101301.0
26	131949.5
27	159745.0
28	204470.0
29	266708.5
30	317121.5
31	385698.5
32	478561.5
33	561633.5
34	681245.0
35	827214.0
36	986715.5
37	1121088.0
38	1239747.0
39	1380475.0
40	1471623.0
41	1552079.5
42	1592739.5
43	1606621.0
44	1655488.0
45	1655056.5
46	1690340.0
47	1741960.0
48	1664297.5
49	1534223.0
50	1446136.5
51	1395899.0
52	1339322.0
53	1297764.5
54	1255224.5
55	1220666.0
56	1205530.0
57	1163535.5
58	1105304.5
59	1067377.0
60	1033697.0
61	963713.0
62	854283.5
63	743511.5
64	670308.0
65	601383.5
66	504750.5
67	413775.5
68	348975.0
69	293873.0
70	252632.5
71	222510.0
72	187313.5
73	155908.5
74	130358.5
75	104106.5
76	81864.0
77	68078.5
78	56917.5
79	44322.5
80	35391.0
81	29099.0
82	23480.0
83	18678.0
84	15429.0
85	12172.0
86	8751.0
87	6803.0
88	5231.5
89	3581.0
90	2645.5
91	1788.5
92	1098.5
93	711.5
94	428.5
95	279.0
96	185.0
97	132.0
98	158.0
99	81147.0
100	162110.0
>>END_MODULE
>>Per base N content	pass
#Base	N-Count
1	0.0
2	0.0
3	0.0
4	0.0
5	0.0
6	0.0
7	0.0
8	6.755446063285762E-6
9	0.0
10	3.377723031642881E-6
11	0.0
12	2.364406122150017E-5
13	0.0
14	4.728812244300034E-5
15	1.6888615158214405E-5
16	2.364406122150017E-5
17	2.0266338189857286E-4
18	0.0
19	3.377723031642881E-6
20	1.6888615158214405E-5
21	0.0
22	0.0
23	9.119852185435779E-5
24	3.0399507284785926E-5
25	2.364406122150017E-5
26	1.6888615158214405E-5
27	2.702178425314305E-5
28	4.728812244300034E-5
29	0.0
30	5.40435685062861E-5
31	1.0133169094928643E-5
32	1.080871370125722E-4
33	1.8239704370871557E-4
34	3.3777230316428807E-4
35	1.6550842855050119E-4
36	2.4995150434157316E-4
37	5.7795226345484766E-5
38	3.07995775666828E-5
39	2.0669429779005558E-5
40	2.7741129626427198E-5
41	1.396117919609785E-4
42	2.951467543449291E-4
43	7.074326374683985E-5
44	1.673616984349438E-4
45	6.094093812193364E-5
46	3.969795342975341E-5
47	3.561134375372125E-4
48	8.781656407740504E-5
49	3.5376796602324014E-4
50	7.423068432228647E-6
51	3.5890587543872506E-4
52	3.389470496918971E-5
53	3.414733108823484E-5
54	1.5285285719056907E-5
55	8.081209847931642E-5
56	2.7900976952707995E-4
57	3.824753688789549E-4
58	2.358303588901776E-5
59	4.4329362253650947E-4
60	6.376987238612275E-5
61	7.226215263733774E-5
62	1.2535327383123438E-4
63	2.362310973883471E-4
64	1.3950077187007965E-4
65	4.837882355519435E-4
66	1.0846610940951426E-4
67	4.2281501356919085E-5
68	2.2772657798205434E-4
69	2.4304196377128995E-5
70	0.0
>>END_MODULE
>>Sequence Length Distribution	warn
#Length	Count
36	191549.0
37	193014.0
38	192803.0
39	190330.0
40	187172.0
41	190457.0
42	189175.0
43	188354.0
44	187027.0
45	186625.0
46	189916.0
47	189625.0
48	193265.0
49	193395.0
50	195076.0
51	195140.0
52	196441.0
53	187421.0
54	182750.0
55	180660.0
56	182983.0
57	180548.0
58	176596.0
59	175203.0
60	180913.0
61	179197.0
62	177879.0
63	179604.0
64	188490.0
65	213514.0
66	319616.0
67	816604.0
68	2261822.0
69	7460740.0
70	1.3111839E7
>>END_MODULE
>>Sequence Duplication Levels	fail
#Total Duplicate Percentage	61.42761210104193
#Duplication Level	Relative count
1	100.0
2	24.19603849817692
3	13.403190662330694
4	8.644570727808254
5	6.361615697095118
6	5.045494859245147
7	4.069901126695792
8	3.326435195830459
9	2.799767872198316
10++	51.14147751535657
>>END_MODULE
>>Overrepresented sequences	warn
#Sequence	Count	Percentage	Possible Source
GGGGGGGGGGGGGGGGGGGGGGGGGGGGGGGGGGGGGGGGGGGGGGGGGGGGGGGGGGGGGGGGGGGGGG	66861	0.22583793961867465	No Hit
TTCGAGGAGTGGTACTGTTCCCCAGGACTCCAGTTTGTATCTGAATCATAACCAGGAGACTGATGGTAAG	44931	0.15176447353474629	No Hit
CTATCTCAGGGGGCACAGGGCTAGGGCTGAGGCATGTCACCTCAGCTGAGGTAGAAGAGCTGGATGAGGG	29703	0.1003285072088885	No Hit
>>END_MODULE
>>Kmer Content	warn
#Sequence	Count	Obs/Exp Overall	Obs/Exp Max	Max Obs/Exp Position
GGGGG	11944630	6.291654	8.174007	9
CCAGG	4964970	3.1435695	5.8271804	22
TTCTT	6225930	2.8428442	5.7217293	1
CTCCA	4295970	2.7775416	5.155748	28
CCCAG	3871495	2.6435661	5.8213105	21
TCTTC	5050425	2.626599	5.6330175	2
GGAAG	3508065	1.9736421	5.5359755	66
>>END_MODULE
